0.0436271433 0.0408787709 0.0381264786 0.0403142594 0.0400020053 0.0420027061 0.0402529937 0.0388773424 0.0377520584 0.0371909582 0.0415646929 0.0426904235 0.0391268905 0.0407520684 0.0391909427 0.0400655993 0.0397527864 0.0432512251 0.0384394836 0.0386287521 0.0401898452 0.0393780696 0.0383137233 0.0405018995 0.0391273001 
0.0436271568 0.0408787835 0.0381264904 0.0403142718 0.0400020176 0.0420027191 0.0402530062 0.0388773544 0.0377520700 0.0371909697 0.0415647057 0.0426904367 0.0391269026 0.0407520810 0.0391909548 0.0400656117 0.0397527987 0.0432512384 0.0384394955 0.0386287641 0.0401898576 0.0393780818 0.0383137352 0.0405019120 0.0391273122 
0.0436271523 0.0408787793 0.0381264865 0.0403142677 0.0400020136 0.0420027148 0.0402530021 0.0388773504 0.0377520662 0.0371909659 0.0415647015 0.0426904323 0.0391268986 0.0407520768 0.0391909508 0.0400656076 0.0397527947 0.0432512340 0.0384394916 0.0386287601 0.0401898535 0.0393780778 0.0383137313 0.0405019079 0.0391273082 
0.0436271516 0.0408787786 0.0381264859 0.0403142670 0.0400020129 0.0420027141 0.0402530014 0.0388773497 0.0377520655 0.0371909652 0.0415647008 0.0426904316 0.0391268979 0.0407520761 0.0391909501 0.0400656069 0.0397527940 0.0432512333 0.0384394909 0.0386287595 0.0401898528 0.0393780771 0.0383137306 0.0405019072 0.0391273075 
0.0436271475 0.0408787748 0.0381264823 0.0403142632 0.0400020091 0.0420027101 0.0402529976 0.0388773461 0.0377520620 0.0371909618 0.0415646969 0.0426904276 0.0391268942 0.0407520723 0.0391909465 0.0400656032 0.0397527902 0.0432512292 0.0384394873 0.0386287558 0.0401898490 0.0393780734 0.0383137270 0.0405019034 0.0391273039 
0.0436271604 0.0408787869 0.0381264936 0.0403142752 0.0400020209 0.0420027225 0.0402530095 0.0388773576 0.0377520731 0.0371909728 0.0415647092 0.0426904402 0.0391269058 0.0407520843 0.0391909581 0.0400656150 0.0397528020 0.0432512420 0.0384394987 0.0386287672 0.0401898609 0.0393780850 0.0383137383 0.0405019154 0.0391273154 
0.0436271608 0.0408787873 0.0381264940 0.0403142756 0.0400020214 0.0420027230 0.0402530099 0.0388773580 0.0377520736 0.0371909732 0.0415647096 0.0426904407 0.0391269062 0.0407520848 0.0391909585 0.0400656154 0.0397528024 0.0432512425 0.0384394991 0.0386287677 0.0401898613 0.0393780854 0.0383137388 0.0405019158 0.0391273158 
0.0436271473 0.0408787746 0.0381264821 0.0403142631 0.0400020089 0.0420027099 0.0402529974 0.0388773459 0.0377520618 0.0371909616 0.0415646967 0.0426904274 0.0391268941 0.0407520721 0.0391909463 0.0400656030 0.0397527901 0.0432512290 0.0384394871 0.0386287557 0.0401898488 0.0393780732 0.0383137268 0.0405019032 0.0391273037 
0.0436271438 0.0408787713 0.0381264790 0.0403142598 0.0400020057 0.0420027065 0.0402529941 0.0388773428 0.0377520588 0.0371909586 0.0415646933 0.0426904239 0.0391268909 0.0407520688 0.0391909431 0.0400655998 0.0397527868 0.0432512255 0.0384394840 0.0386287525 0.0401898456 0.0393780700 0.0383137238 0.0405018999 0.0391273005 
0.0436271515 0.0408787785 0.0381264858 0.0403142669 0.0400020128 0.0420027140 0.0402530013 0.0388773496 0.0377520654 0.0371909652 0.0415647007 0.0426904315 0.0391268978 0.0407520760 0.0391909501 0.0400656068 0.0397527939 0.0432512332 0.0384394908 0.0386287594 0.0401898527 0.0393780770 0.0383137305 0.0405019071 0.0391273074 
0.0436271468 0.0408787741 0.0381264817 0.0403142626 0.0400020085 0.0420027095 0.0402529969 0.0388773455 0.0377520614 0.0371909612 0.0415646962 0.0426904269 0.0391268936 0.0407520716 0.0391909458 0.0400656025 0.0397527896 0.0432512285 0.0384394867 0.0386287552 0.0401898484 0.0393780727 0.0383137264 0.0405019027 0.0391273032 
0.0436271428 0.0408787704 0.0381264782 0.0403142589 0.0400020048 0.0420027056 0.0402529932 0.0388773419 0.0377520579 0.0371909577 0.0415646924 0.0426904230 0.0391268900 0.0407520679 0.0391909422 0.0400655988 0.0397527859 0.0432512246 0.0384394832 0.0386287517 0.0401898447 0.0393780691 0.0383137229 0.0405018990 0.0391272996 
0.0436271434 0.0408787709 0.0381264787 0.0403142595 0.0400020054 0.0420027062 0.0402529938 0.0388773424 0.0377520584 0.0371909583 0.0415646930 0.0426904236 0.0391268906 0.0407520685 0.0391909428 0.0400655994 0.0397527865 0.0432512252 0.0384394837 0.0386287522 0.0401898452 0.0393780697 0.0383137234 0.0405018996 0.0391273002 
0.0436271517 0.0408787787 0.0381264860 0.0403142671 0.0400020130 0.0420027142 0.0402530015 0.0388773498 0.0377520656 0.0371909653 0.0415647009 0.0426904317 0.0391268980 0.0407520762 0.0391909503 0.0400656070 0.0397527941 0.0432512334 0.0384394910 0.0386287596 0.0401898529 0.0393780772 0.0383137307 0.0405019073 0.0391273076 
0.0436271382 0.0408787661 0.0381264742 0.0403142547 0.0400020006 0.0420027012 0.0402529890 0.0388773378 0.0377520540 0.0371909539 0.0415646880 0.0426904185 0.0391268859 0.0407520636 0.0391909381 0.0400655947 0.0397527818 0.0432512200 0.0384394791 0.0386287476 0.0401898405 0.0393780650 0.0383137189 0.0405018948 0.0391272955 
0.0436271389 0.0408787667 0.0381264748 0.0403142553 0.0400020012 0.0420027018 0.0402529896 0.0388773384 0.0377520545 0.0371909544 0.0415646887 0.0426904191 0.0391268865 0.0407520642 0.0391909387 0.0400655953 0.0397527824 0.0432512207 0.0384394797 0.0386287482 0.0401898411 0.0393780656 0.0383137195 0.0405018954 0.0391272961 
0.0436271473 0.0408787746 0.0381264821 0.0403142630 0.0400020089 0.0420027099 0.0402529974 0.0388773459 0.0377520618 0.0371909616 0.0415646967 0.0426904274 0.0391268940 0.0407520721 0.0391909463 0.0400656030 0.0397527900 0.0432512290 0.0384394871 0.0386287556 0.0401898488 0.0393780732 0.0383137268 0.0405019032 0.0391273037 
0.0436271469 0.0408787743 0.0381264818 0.0403142627 0.0400020086 0.0420027096 0.0402529971 0.0388773456 0.0377520615 0.0371909613 0.0415646964 0.0426904271 0.0391268938 0.0407520718 0.0391909460 0.0400656027 0.0397527897 0.0432512287 0.0384394868 0.0386287554 0.0401898485 0.0393780729 0.0383137266 0.0405019029 0.0391273034 
0.0436271515 0.0408787785 0.0381264858 0.0403142669 0.0400020128 0.0420027140 0.0402530013 0.0388773497 0.0377520655 0.0371909652 0.0415647007 0.0426904315 0.0391268978 0.0407520760 0.0391909501 0.0400656069 0.0397527939 0.0432512332 0.0384394908 0.0386287594 0.0401898527 0.0393780770 0.0383137305 0.0405019071 0.0391273074 
0.0436271518 0.0408787789 0.0381264861 0.0403142672 0.0400020131 0.0420027143 0.0402530016 0.0388773500 0.0377520657 0.0371909655 0.0415647010 0.0426904318 0.0391268981 0.0407520763 0.0391909504 0.0400656072 0.0397527942 0.0432512335 0.0384394911 0.0386287597 0.0401898530 0.0393780773 0.0383137308 0.0405019074 0.0391273077 
0.0436271563 0.0408787831 0.0381264900 0.0403142714 0.0400020172 0.0420027186 0.0402530057 0.0388773540 0.0377520696 0.0371909693 0.0415647053 0.0426904362 0.0391269022 0.0407520805 0.0391909544 0.0400656113 0.0397527983 0.0432512380 0.0384394951 0.0386287636 0.0401898571 0.0393780813 0.0383137348 0.0405019116 0.0391273118 
0.0436271130 0.0408787425 0.0381264521 0.0403142314 0.0400019775 0.0420026769 0.0402529657 0.0388773153 0.0377520321 0.0371909323 0.0415646640 0.0426903938 0.0391268633 0.0407520401 0.0391909155 0.0400655715 0.0397527588 0.0432511950 0.0384394569 0.0386287253 0.0401898172 0.0393780422 0.0383136967 0.0405018714 0.0391272729 
0.0436271432 0.0408787708 0.0381264786 0.0403142593 0.0400020052 0.0420027060 0.0402529937 0.0388773423 0.0377520583 0.0371909581 0.0415646928 0.0426904234 0.0391268904 0.0407520683 0.0391909426 0.0400655993 0.0397527863 0.0432512250 0.0384394836 0.0386287521 0.0401898451 0.0393780695 0.0383137233 0.0405018994 0.0391273000 
0.0436271478 0.0408787751 0.0381264826 0.0403142635 0.0400020094 0.0420027105 0.0402529979 0.0388773464 0.0377520623 0.0371909620 0.0415646972 0.0426904279 0.0391268945 0.0407520726 0.0391909468 0.0400656035 0.0397527905 0.0432512296 0.0384394876 0.0386287561 0.0401898493 0.0393780737 0.0383137273 0.0405019037 0.0391273042 
0.0436271349 0.0408787630 0.0381264713 0.0403142516 0.0400019975 0.0420026980 0.0402529859 0.0388773348 0.0377520511 0.0371909510 0.0415646848 0.0426904152 0.0391268829 0.0407520605 0.0391909351 0.0400655916 0.0397527787 0.0432512167 0.0384394762 0.0386287447 0.0401898374 0.0393780620 0.0383137159 0.0405018917 0.0391272925 
