2385	9130	5262	8580	5840
5604	9512	6725	2555	6049
8428	7344	6218	9234	6198
1218	8991	9068	6182	9318
9176	4372	4000	6488	5046
6281	3253	2472	6040	6225
5337	7425	5356	9600	6005
1196	5204	5518	6921	6759
1568	5350	4104	6787	4584
9303	7005	3576	8371	3187
2894	7548	6560	5894	4036
1606	2176	6290	3079	7216
2515	7417	4642	6871	7017
9647	7068	2221	5166	3990
7981	5734	8340	2085	2522
2925	1389	8527	5501	8761
1714	7396	6309	7274	3290
9346	7881	4467	5637	9961
1683	7152	7378	5325	4024
4395	4973	1093	5617	9139
4083	3598	4874	2424	4684
6396	4349	5073	4924	8850
3835	5638	6246	9145	2913
8537	8491	9795	3004	4128
9756	3688	1281	7135	8013
4306	1530	2987	4399	6147
2127	7482	8746	6002	8906
3430	2399	3256	7504	6323
2106	1339	1962	7353	9484
3876	5891	7976	3671	7895
2104	3428	1584	2386	9563
8597	5692	1093	1585	9091
6241	2712	6574	4987	7714
5481	7418	9113	7737	4922
5437	8844	5261	6399	6197
4746	9275	2088	2722	2947
8984	3827	5375	9568	5213
4938	8166	9906	5032	8752
8998	1274	1464	5572	5262
8179	1054	2680	7292	7791
6602	2729	6635	1864	8129
2833	5610	7404	3922	7333
9351	2906	1160	4727	2475
5374	8666	9642	5281	3698
8394	4279	3973	8859	8852
8235	7038	8906	9915	4331
6697	6518	6060	3333	7382
4189	5166	2993	1594	8089
9327	9946	9996	9488	4673
2471	4862	3339	2114	9144
6038	9509	3423	9012	8368
2275	7247	5406	1182	7163
8737	6880	3681	4798	9213
1064	7988	4380	3058	8583
2469	2386	8529	2465	1874
3203	3937	5737	5543	5052
4881	1582	4561	7304	9594
2930	8580	6842	7337	8762
4005	6075	5642	6687	9873
4856	6752	7862	8237	8811
6445	9706	1197	4975	2172
2071	7178	5110	6809	2722
9163	1690	3304	3724	7995
2898	5655	6576	8741	2992
5338	2746	8068	9981	8434
7941	4838	5187	5804	3075
3998	2250	2782	4195	6225
3955	5267	3404	8065	2077
5126	7228	2767	7431	9953
9763	9329	5609	6339	8071
7602	1678	9818	5670	1659
8252	3612	5497	3439	8416
7572	6437	9666	9355	9633
5892	3310	4901	8297	1375
5978	3424	7604	7746	9855
7558	7509	9185	3167	3849
7256	9769	4527	7074	5439
5186	5326	8052	9684	7766
6468	7257	4204	6135	6612
3838	2028	8922	7739	9325
9298	3718	2749	6903	1465
2604	4461	7975	1789	6629
1824	8046	6399	5352	5120
1839	9539	9447	8891	9223
7213	5360	6480	1417	1495
3093	4256	2524	2015	1996
1849	1314	4714	3599	7217
5180	5204	1679	3155	5994
7308	3980	4040	3708	8332
8161	4547	7871	7608	3439
7095	4821	7799	3575	5239
8295	5669	8495	9819	6685
9491	1669	6999	4206	4269
4216	8386	8473	4895	1542
4468	2204	4522	7509	4912
2854	5670	8460	9725	3278
1899	6821	7100	8698	9396
2339	6994	5066	9835	6813
1751	9327	7482	7750	3533
1751	1967	1920	9225	5863
2462	3693	7067	5984	1203
1980	7838	5873	9440	7564
8151	1340	4385	5251	9039
3782	6591	6033	7849	6426
2846	8600	5753	9329	6351
8287	1081	7318	9207	9306
3182	1669	3000	9250	6653
3203	1230	4492	8077	9671
2057	6228	1011	5443	1480
9051	8226	7071	5084	6075
3498	6931	4676	8252	6260
1027	6539	6342	7346	5746
5649	9529	6416	7649	8779
3070	9853	9009	6562	7931
8681	7620	4159	8692	3064
4640	7744	1290	1711	2828
6366	4210	8760	1042	2462
5021	1070	8001	1363	7417
3748	6012	6946	9164	3662
5725	2234	3516	4734	7797
1447	3416	5418	4607	2108
7482	8247	8853	7772	8959
1681	4138	3169	9442	4181
4632	4463	4251	2633	4827
1668	5382	9839	7614	4546
3502	3340	5781	6018	7075
3579	6466	9491	7997	1073
1600	5479	8320	9453	3251
7280	1135	6390	9450	9577
9572	4082	4041	3823	5716
7868	4492	1098	7707	2107
4645	1210	4447	9427	6229
1522	3006	2695	1013	1003
2768	1613	5483	1089	1066
7734	7370	1201	4125	6820
9779	3697	9903	3820	6521
5619	1688	1013	5718	8396
2120	9364	8606	5568	8792
4835	6090	1798	6530	6104
1802	8299	6717	6285	8389
6784	4020	5759	6986	7146
2579	6765	9843	2482	9585
6365	7102	1274	6379	2821
8670	7499	2185	7277	3068
9977	2112	8158	1776	7643
4262	2578	5943	9980	7864
4332	6764	1885	9091	3750
8031	1671	9516	7875	3154
9102	4240	9257	9376	9619
2078	8046	7119	3264	5324
9187	3241	6436	7346	4018
4080	1609	5597	9023	1589
3461	3355	7354	4346	2447
1105	2377	3118	9621	9253
5273	8723	3493	4530	8099
3113	5608	6146	9232	7872
1470	8420	1114	6907	5766
4132	9988	6375	8729	9011
6965	2191	2367	4320	5537
3814	4425	6915	5932	4046
6168	1205	2770	8662	4736
9870	1775	9344	6016	1007
7216	6487	8428	7331	3395
4194	1463	3383	9570	9193
2394	6536	1384	3762	9856
5922	6576	4282	2837	2509
7329	8006	2715	9099	6668
6451	8969	7444	5795	4986
7452	3012	1474	5880	9343
3869	9075	9807	6253	8646
9000	7648	5182	9385	1410
5039	5307	6986	8321	7145
8495	5650	5151	1210	4750
1820	6661	3719	8265	2457
7706	5717	4469	8180	1597
3813	2050	9673	3620	7303
8319	2621	4951	3502	2006
5362	7541	6314	2348	5863
3459	9844	1514	7611	1055
5264	8432	6716	7983	6697
8173	5690	2414	2643	3870
3012	5457	4921	2686	8077
2224	1005	9699	6176	3507
1706	1539	1049	7020	2887
5913	9479	2732	6427	7091
2787	1691	5523	8504	8675
2221	6678	4365	3636	8321
7236	5649	3778	2157	7335
1856	3382	7340	1556	8559
9848	2262	9098	9898	8282
1986	5811	7762	3718	2238
4854	5506	2929	9378	4010
1605	1599	9688	4970	4236
8010	2207	8885	1789	3364
6221	2646	5747	3561	3202
4306	3410	4465	3404	3308
2748	4391	8119	9511	7109
9357	4365	2616	2287	3744
5626	2892	4344	5315	6863
7580	3326	8070	6466    8458
1082	9254	2073	2748	1287
6382	6211	9964	9442	5724
7961	3518	8870	1796	2210
6411	7481	9695	6255	3864
1684	9460	2600	2715	6370
6575	9770	3662	1090	5954
8033	1172	5208	9107	2921
5496	5489	8133	5460	4931
3858	3422	7450	2728	4218
8661	8140	1700	8356	4395
4565	9040	3856	6166	1756
9227	2741	1526	2889	2831
6480	9922	3004	1689	9029
4926	6185	4519	3059	1646
8451	5917	4069	5902	7646
7288	4563	5786	7989	2919
9182	2554	1960	3038	7720
2716	2265	9462	3242	4155
2293	8723	4077	4298	9413
3107	8224	5598	6627	1284
6245	5079	6201	9315	9981
3848	6603	4545	8635	4592
6464	7817	6146	7425	9856
3867	9141	2121	3329	2383
5277	4623	1107	8355	7921
9520	1462	6146	5119	7090
6430	1364	2169	2632	9679
2151	5480	6283	5696	4116
9875	2161	1933	6022	8586
1789	8890	7728	2911	2219
9112	7188	5843	9219	5543
3764	8739	6006	8911	3858
3096	5341	4223	4266	6974
3902	5418	2455	9186	1115
5571	9061	2277	6504	5084
9864	7293	3974	7592	9204
5194	6704	6393	1037	5923
1936	3802	4662	6942	2713
7521	9039	7054	1744	3306
4028	4647	7724	5483	3833
7840	1054	2895	9117	6559
6979	8981	3852	9954	6573
3057	5148	3278	8450	5186
8201	9387	7988	2864	6330
9701	9385	5369	6756	1129
7676	9784	4777	5400	5268
7610	3241	5323	9506	2358
1882	6486	1339	4735	6440
6913	6793	1589	9192	5243
5775	7393	4631	3763	9258
9961	3465	8644	5331	9221
8774	3007	9006	3551	7408
4274	1162	9649	8598	9668
2007	9481	6154	2347	4216
2595	8261	1009	3184	7453
5253	7960	4847	8884	1724
4106	8846	4189	2750	4177
3411	1524	6184	2417	4075
3592	5692	4238	3241	4290
3906	4249	3771	9061	5597
6988	1656	3858	6998	3841
1312	2251	1801	5159	1136
2526	8265	8982	5715	1015
3160	8126	1540	8344	9544
4616	1936	5236	7854	4178
8527	1761	7427	2299	9822
3024	8287	1478	5883	5285
4319	6195	6537	5121	1355
6674	6647	8620	5657	2363
8636	7817	9490	9177	6161
9034	3793	7098	4271	1648
1277	2798	2409	7704	4097
2231	9729	2384	2710	5613
6670	6030	1808	3208	1151
2163	8883	6799	9784	4540
8162	8421	2358	7653	7598
7520	6687	1392	4618	9959
2040	4896	2757	3450	2600
5854	4682	2330	7239	6392
6944	3910	2423	7752	6119
2574	8916	5002	8373	8701
8543	6536	7122	9901	4189
4721	7421	9877	5113	2040
9836	6154	5936	2594	8604
7537	7449	3286	8868	4688
8679	5812	7599	1102	3565
3718	2677	2482	7720	1051
1183	6263	6588	7305	6165
9777	2027	3586	9655	6140
4627	9492	2295	9564	2086
9899	7102	8535	3186	5970
3224	1866	1783	9823	1969
4348	3542	3646	5830	1262
3698	6013	6526	9286	3319
2691	9064	4347	5278	8719
9487	8905	8212	1783	8470
9299	1683	5572	7835	3869
1542	1059	4736	2326	9883
5705	5674	3425	8352	1505
3688	2050	6518	9214	1337
8838	1906	9401	3185	6184
8120	2673	5090	6333	3456
3560	5632	4139	8133	3467
7009	8676	3527	1746	1002
3411	6452	5676	5836	4805
6181	8525	5856	2700	7740
6193	1539	8646	5594	3725
4830	3715	5399	8921	9048
7856	2482	4680	1996	9615
7148	8006	8291	9675	8752
8293	3086	5205	3970	7923
9010	9151	6449	4866	1852
4189	1059	2392	2835	5653
5117	6666	8368	9517	5587
7417	7373	7069	2098	8369
6685	8246	6375	4976	7922
5128	3269	1009	9333	6240
7933	8343	5392	4382	3209
6244	7571	3269	7637	9407
7922	2754	6073	6291	2272
1661	3709	8645	7730	4807
7014	4415	3054	3390	8392
9976	7518	1662	9986	6852
6902	7920	5196	2294	2302
7406	7539	8874	9675	5176
8281	7598	6931	4355	3889
8203	5016	6599	6848	2747
1406	3863	6163	3460	6254
4555	3437	3773	5217	3423
9625	2120	1343	4821	3415
2646	2227	9954	1521	1903
5130	8802	8501	2062	3158
2391	9265	7174	7990	6114
8921	8396	8977	5085	1857
5231	8640	4294	8005	3858
6718	7630	4979	7062	2452
7394	8709	3680	7348	9230
4583	2479	8033	3085	3541
1191	4476	2807	7366	2467
7921	6288	9864	6899	1373
1721	2131	9013	5016	9136
2872	1735	6766	6851	7797
8218	4245	6507	1898	1593
5737	5482	3073	3771	7567
5614	3962	2044	7421	1328
3511	5342	6616	3375	2241
6989	4097	3372	6003	8113
2509	7875	8849	8275	4727
6646	6494	7972	3154	7393
8566	7891	2875	1639	1662
9443	6253	4625	1487	3675
4954	3998	8018	1571	6374
9260	7560	9471	2632	3564
7585	4142	1440	6434	2417
5167	3081	7912	3139	5235
5305	1705	3127	7181	2344
3790	6624	7598	7416	7112
1273	2370	1111	8291	2941
6485	7551	9502	5957	9184
3067	3542	3326	3507	8977
4744	7674	2058	2656	9814
6294	6962	1520	8421	4144
2865	2212	9769	9463	8628
6881	9737	9999	6992	8029
2940	3478	5581	2443	8435
4766	4510	1978	7092	7017
9955	1837	4692	2013	3494
4507	7308	9456	5027	5729
3601	6893	6942	3370	6357
5570	9251	6094	5569	6244
4124	7510	8723	8705	8953
7158	3471	3464	8137	9564
9481	8092	1401	4174	9106
3896	7682	6414	3353	2710
2144	5954	8603	8086	8324
4960	3657	7576	1055	8226
3821	4179	5737	2544	2885
4690	8703	5356	7154	6840
4921	6636	4933	5323	9811
4039	8219	7493	9454	1572
9204	1598	6526	7807	8684
4851	2768	2342	2427	2823
9568	5249	6003	5306	6793
7888	8996	5496	3245	6151
2337	7167	2788	6270	2490
2600	9310	9710	9093	8764
1282	8297	9362	6809	6105
8047	1660	7873	9389	3088
9697	8958	7337	5700	4264
4131	3589	3261	8628	5835
8412	9965	3002	1201	6236
4493	2801	5546	4203	1895
4310	4486	9193	3673	1295
5298	1721	1956	3172	1110
4045	2869	9069	1383	7569
3333	4514	1159	5594	3142
5994	4007	3108	7996	4209
8345	2489	6010	3891	5693
6905	7202	9179	6099	9875
9475	1397	1597	1431    7815
3550	3273	1207	9066	9463
2531	8550	3486	9550	1790
1713	7001	9930	3604	2050
8546	2492	1954	3118	1019
2393	9773	8765	5016	1386
5124	9666	3643	7115	5092
5709	9665	7365	5917	8732
6829	7449	7282	9316	6999
8073	1029	4000	8004	3634
5051	6551	5127	6005	8669
5146	7398	8443	3912	2415
8830	8036	2082	2473	5151
6174	7183	4817	3540	3101
3550	9369	9550	9833	8685
6549	7906	8715	9550	5911
2349	4601	2462	6476	9607
1132	1623	7006	8575	4535
8421	7405	2572	9503	8879
6724	5677	6063	1541	8217
8164	4092	7587	7714	3925
6273	4264	1832	4988	3815
6743	6338	7417	8206	2814
7024	8338	3438	4031	6913
6974	2452	4319	8546	1956
3198	5270	6634	8261	5812
4852	6426	8904	2439	4141
2830	7713	7405	3662	2702
1221	9406	8040	7638	7612
9855	4663	5950	3293	7694
2864	9267	9147	6184	7814
1103	8382	3084	6738	6644
7897	1590	3070	6801	3030
6212	8632	9743	3617	2294
2445	3839	1701	9486	1477
8313	9341	5141	4264	2635
2836	6129	1903	1984	2313
8717	2087	9696	1802	7826
6341	8699	8416	8412	5501
1446	4624	4133	1190	7241
5428	2636	1081	6129	2122
1558	4442	1464	5700	7707
3099	7537	3836	4003	8521
5150	2720	9609	4846	3522
7435	1187	2222	5851	8599
6723	6298	3223	9857	6488
9465	5285	8124	9546	1414
9247	1105	4857	9711	5806
2565	2811	3343	5401	5814
1864	9552	7534	1473	4398
1057	7908	4586	2279	3760
3186	8003	9058	5409	7860
5546	4875	3146	3671	4422
3560	2918	4528	7418	2629
9334	8983	4441	2677	4385
9255	3542	3937	6790	4016
7336	6847	1924	1922	8127
4685	4108	6130	3743	8518
3991	8290	3393	6137	1961
6816	8698	3880	1344	6117
5510	9678	5100	8951	2356
8486	8206	4899	2423	4996
7915	8760	1844	8840	9682
8971	3525	3790	5102	6268
2309	8093	4559	4703	4231
5521	1519	2930	8401	1863
8047	3911	1542	3148	2862
2899	1634	1069	6798	3058
5066	4713	1818	5910	3554
1501	4881	6079	4292	8984
2348	5601	7078	5907	9304
1309	1428	9824	3240	8830
1687	1287	2741	2230	3435
4604	4129	4070	4674	9928
6129	8740	4642	6947	4650
7196	7448	8532	3276	1740
7516	4624	6342	4595	9532
5646	4905	9961	5471	7145
8791	6158	7432	1533	7389
9868	5138	1519	3939	8812
1447	9068	7552	5090	6016
2203	2286	3465	9735	4562
4206	7252	8187	9548	1848
7719	5195	5753	7680	9666
2898	6472	5825	9331	7005
3214	9199	2143	3734	3139
9956	4182	2208	7508	8272
7224	8712	9559	9689	8447
4122	3896	5700	2309	3444
6548	9029	7639	2302	6710
7306	4200	3182	3131	3531
9188	5346	2731	1332	8080
4870	1288	2263	6079	7797
9535	3303	6509	9095	2993
4957	3217	5889	9657	4526
8333	6206	3555	5973	7508
9266	3280	1709	2448	5411
4241	1636	9758	5972	1968
7839	9843	2257	9102	5922
9054	8638	8226	5563	7733
1219	9520	9950	6108	9178
4477	4442	5385	7033	9416
2894	6299	2696	3603	7747
7108	6844	8384	6866	2817
9353	4706	2661	1610	3808
7583	9664	2447	5810	5227
9180	6029	4748	9130	2138
3926	3608	5580	8312	9641
4997	1206	5940	6694	3810
3688	3802	9654	2072	9669
2472	1425	4375	4133	2036
7184	1717	1701	8631	6527
5929	7811	2556	9677	6942
3695	3604	9550	8276	1916
9192	3273	2122	5132	8967
4933	7820	2770	4587	8893
2439	6060	9319	5815	9193
1355	2999	9911	2056	1631
6438	6985	8443	7995	6663
5385	1690	9267	4936	8966
1184	4128	2240	2306	8261
1207	6239	6081	2977	9827
4974	4417	5888	4293	9232
5081	4649	2231	4992	5706
2862	1431	2691	1305	8426
8354	5691	9117	7622	9628
8083	7806	3757	9323	9113
2018	9531	5353	7099	2509
5181	2074	5926	1069	5368
5159	5150	9018	6390	9143
4724	8253	9574	6416	8559
8001	4771	4251	7118	2393
3879	5202	9200	6637	4526
8313	7655	4058	3666	4755
5567	7848	5829	1494	7917
1198	5653	3068	9216	2044
2211	3941	9298	1786	9357
7858	8788	4128	2109	5906
5521	4989	1108	4721	1626
4635	3035	8281	7693	5702
3037	3260	3550	7867	3755
1467	8065	8408	3535	7282
9453	4747	1223	8751	5534
9580	6609	4322	3708	7719
9228	8230	2708	9337	2952
3335	3972	4988	1617	1666
9690	3654	3926	3240	1521
6682	3708	8587	5091	6243
5869	4544	9991	6092	3296
5525	5673	8905	8847	8382
6624	8076	6612	8333	7414
8565	1668	1387	3553	2285
2053	3243	4940	4980	5484
5461	1662	8192	4048	5753
4436	8918	9298	4428	5011
2594	8953	9684	1499	7801
8067	7124	5878	4679	5458
3292	3245	6127	3680	5799
7413	4733	8043	2353	8714
3527	6815	9376	1720	9864
5130	5157	8782	4428	8585
3793	6022	7539	3478	6522
5340	1545	3647	1218	5225
8105	3511	7471	4233	6191
3270	1646	9924	1313	2999
8638	3841	8815	8015	4561
8679	3146	8718	7461	6574
7304	1255	2597	4843	3734
8120	9184	4280	1767	9402
8505	8873	2914	5976	3106
8105	8247	3752	8030	8560
5752	6669	2401	4567	4685
5963	3246	6831	4682	9708
3405	1986	9964	5003	5830
3699	3123	5014	6979	3891
4416	5484	2765	6331	1461
4871	4436	8709	7624	2466
7269	3377	8136	8671	6944
2821	4634	9191	8652	8316
8900	2058	9303	8865	6061
5133	2564	8185	9147	8543
2076	3564	4028	3841	8895
4490	7713	3331	3199	5338
4798	9469	7715	2934	8141
4660	4755	2775	3852	3408
1092	2752	4466	9395	1618
9528	4529	3182	7713	3676
1725	8790	6241	4754	2632
5136	8244	9345	7468	1444
4683	2267	9914	2399	4201
8055	6059	7957	9831	8911
1365	9923	1664	4832	9319
2282	4360	3848	4464	2073
6525	5190	9864	2766	8944
2496	6903	7189	1842	4371
7634	5526	5639	7548	6925
8841	5603	2985	6798	5434
1896	7164	5358	2561	1997
4678	3843	5357	7527	7308
6431	4053	2498	6295	5820
1443	7792	2723	7633    9845
5191	6038	2244	9962	7105
3919	2632	2432	2119	1879
1857	7426	1290	1220	5669
2415	3035	9653	5654	1969
6763	3740	7743	7185	9880
8920	2897	4276	3153	9100
6071	7345	5138	7316	7308
2243	1235	8940	3675	2354
9820	4532	8780	1110	4753
4450	2525	6788	4104	7180
7757	9867	9921	5501	7053
9801	4422	8951	4078	6575
8051	9150	3921	3189	6466
1230	4432	6702	9170	7108
8056	8991	1641	6837	9101
5394	1288	1627	2182	4393
7807	8940	4260	7729	4442
1314	7531	7864	9265	1609
4440	7317	9759	7362	9507
6226	7592	3940	2928	6763
1048	9985	5754	1689	6823
4856	6084	7111	5483	7267
1504	3291	6208	4765	1020
9650	5079	7551	7515	4345
8161	1956	1663	7920	8318
1170	4146	5910	4110	6075
2674	4159	6060	7428	4849
2883	2284	9933	8994	6767
7200	9499	9059	3408	4265
9079	3059	8344	6631	9575
2690	4792	1531	3354	2713
8849	3524	5860	4760	6635
1935	6434	9794	6995	3862
4643	8878	5146	4577	7873
1914	1778	7372	9973	4187
1637	9053	6247	8982	5684
5822	1673	9476	6353	4027
2189	5202	6552	7049	8962
3187	7984	5397	2982	4980
8259	6626	3858	3406	1203
1732	4321	1982	8104	4295
5169	8742	3348	1416	7725
8032	6239	8399	7509	2592
2426	8698	6795	7979	5748
5758	1166	3733	1155	3149
7713	8414	8775	1571	1821
8979	2304	5142	9962	9409
8437	5131	8151	1785	5548
5877	8818	1787	4276	6327
3380	5703	5026	9176	3683
9774	4934	3849	3507	5089
5999	1220	3504	4774	1792
4326	3754	3096	8468	3716
2506	6906	7848	9657	7692
3397	5535	6510	4185	8812
2838	6566	4516	6864	5742
7199	6639	9676	1048	9146
4766	6048	9367	7270	9823
1160	1597	3577	3257	9065
6294	4763	5971	4143	4421
3664	6540	8957	9174	9726
7769	2013	6292	2285	7878
2034	8484	4517	1710	8533
3664	5477	4581	3031	2748
4404	3192	3345	6982	5450
2410	3277	9214	7382	6420
3635	1047	2961	2592	9222
2687	9362	1235	7980	1647
8113	9014	9131	2630	9725
7665	5294	5202	2246	7326
6951	5651	9519	9296	2634
4970	1707	4911	4184	8090
1332	6820	8137	3294	8412
7359	4982	7775	7594	2962
8422	5708	1977	7554	7338
1703	5219	2633	5906	6466
8960	2857	2118	8480	2153
3752	3450	2860	7664	6634
9951	7997	3454	8088	1291
1867	5447	5273	8642	3042
7236	7065	7750	8213	4620
5089	8917	8839	6722	4823
5306	5683	6680	6424	4164
7834	9177	6614	9695	6842
3249	9646	4839	5704	7734
5131	6572	3182	9405	5215
5224	6642	2280	2974	4855
5900	7063	3773	4740	3786
7596	9047	8470	4277	5471
2634	2111	4649	8248	1807
1492	1498	1454	5332	6202
8188	9463	2774	1371	8869
6989	5595	5511	8270	7569
9367	4171	4633	3140	7911
7420	9737	6958	5890	4014
2430	7524	5126	6080	5773
5933	6572	6271	6387	1905
2473	4576	1368	4247	4947
9238	1237	9543	4749	8508
7113	4116	2679	1746	6256
9591	8166	5993	6550	4056
9008	7981	1581	4134	4061
6354	9068	9634	2625	5456
1539	4098	9033	1908	7346
3980	1146	7584	3524	4895
6092	9637	8012	7771	1383
4269	7363	8550	9263	3913
2607	8271	1894	3188	2406
4956	8543	1474	4590	1168
5931	5130	4267	4964	6039
1613	7945	6186	8198	1469
1082	4290	1106	8094	2062
1490	2363	8425	9041	1626
2338	1649	8898	3233	3838
1304	7189	2381	1779	1780
2549	6710	5910	5816	1674
1950	6430	8620	7136	4628
9089	7218	7919	9196	5313
8982	9687	6677	7407	8729
7304	8746	9378	6202	1979
3216	6506	8168	4597	7286
8948	6146	3996	4859	1963
4671	5810	7394	3291	2946
2023	2381	9165	8942	1578
4479	7925	1265	1156	5332
8995	7460	4079	8373	3662
5058	1589	9169	3227	5186
6455	2175	1333	9452	6035
2297	4123	1845	8692	6415
3792	9715	7797	2958	8658
8375	6437	6583	8641	6594
1916	7636	4054	4995	6009
6717	9053	6599	5887	2280
1785	2343	3456	2119	1795
8492	3417	4919	9338	2109
1334	3131	1824	8131	5089
9483	6507	1527	6066	5148
7121	6982	2784	1176	1977
7794	6893	1031	4393	2781
2311	5179	4124	4768	6298
4920	3260	8716	8839	2598
9825	9174	4730	1650	7306
8819	1133	3813	9347	6200
7961	6469	3182	9746	6645
4160	7540	3539	4191	1934
5320	5502	6113	8445	9271
2412	3365	2531	1128	2205
4130	9954	1380	7860	1604
7686	6680	1738	1499	6028
6938	8461	2497	9120	8208
8142	3280	5748	1682	6471
6683	6003	1974	2796	4448
1245	4208	6814	2777	4336
8020	5908	4290	8400	3769
4895	6086	9450	5633	6586
5478	2571	5047	6975	1692
3255	5118	3972	8004	5800
9444	4687	1803	1419	6483
5252	1665	9692	2067	3442
4029	9087	8351	7320	7487
2121	2215	3574	1571	6849
9160	6049	8420	4208	3025
9113	6464	7143	3085	4468
2944	2530	8156	3748	2949
4640	8001	3614	4332	9068
6057	7361	8156	4409	4682
5644	5530	5897	8218	6101
2746	7379	2151	1167	1587
4176	9280	7051	1320	2366
1520	3264	3897	8676	6012
5847	3317	4013	8462	6649
3082	4519	4011	1238	7929
7693	5882	3459	3591	4101
8561	5338	1480	9713	5506
2068	3889	4787	8119	4210
6153	8640	6474	9051	7316
2487	4898	9634	5501	3360
6283	7584	6880	9295	7822
4809	6989	3705	7269	9581
6807	5831	4920	7287	5544
9426	8356	8434	4214	6476
2645	9368	5116	8120	8419
2433	9607	3317	2067	5109
5677	7351	2694	2558	6646
9516	6367	3636	3222	3637
3218	9030	8469	7138	6318
4014	6565	4674	2448	9779
1150	4094	9147	5266	2214
7566	6699	1822	9884	7767
5931	5562	5118	7625	7120
1765	7142	3488	4402	9365
6125	6620	8395	4595	3759
4713	7609	9324	8388	9058
9103	8538	3152	8251	3805
4366	5817	9505	5188	5701
7272	1120	1263	2391	7745
7384	3156	4888	9872	6559
4254	5998	3179	2650	9593
5938	6363	7202	5263	4751
6260	4366	3290	8412    6468
9738	8522	9592	3999	5196
5564	2003	9421	6765	5616
7640	3666	1555	8443	2235
2265	6779	3566	7305	4155
7570	2326	5110	8237	6880
9231	7864	6778	2268	4746
4294	2006	3268	3887	5005
7465	8452	6009	6887	5217
1625	4527	7884	2181	2971
9119	3446	8751	2686	9752
2906	9257	2078	7017	7494
7958	6249	5358	4737	7517
9105	8032	8523	2374	1919
3528	8840	9371	8537	5727
4589	9163	9255	2473	1344
2227	1592	3790	9978	3279
3543	2885	2536	4621	8902
9030	2580	5151	4389	6317
2668	3495	4350	1191	4869
5269	3720	3709	4641	2258
8437	8230	1421	7692	9703
1765	8920	1296	4556	8898
3576	7099	1783	5112	1721
9686	4143	3302	4838	7532
8619	6506	1027	2969	6698
4897	7239	9419	7606	1880
1677	6044	9111	2098	3736
8814	2864	2656	9111	6421
1555	2687	3521	2339	6800
4243	2026	9943	6545	5864
7476	5165	2370	7503	7134
8069	2401	4374	7488	9008
5255	8166	5052	4366	9265
7789	3180	2129	9446	2292
7551	1002	3979	1073	2341
9779	4316	3368	9723	9862
8232	7199	5027	9603	4703
2162	7673	6104	5536	5162
5112	9791	3328	9165	4157
2593	6954	6338	3723	6401
7631	1275	6403	1610	1348
7745	1390	4665	1113	1113
4527	8345	7312	8554	7949
2016	9716	5622	7120	5253
9784	2233	5044	3112	1398
8202	4705	7353	4541	7429
3754	2172	7704	9158	2783
8052	6903	3173	2718	7016
3287	6245	5362	9600	4800
3311	1616	4516	7933	7737
8770	7717	8971	3815	9829
9370	2017	4535	6723	5559
1964	9478	6731	8669	8636
8514	6722	5539	1688	8440
2556	3975	4685	6918	3576
8485	9229	4192	3002	7162
1930	1772	4880	9901	4587
4709	9271	5605	8245	5995
1164	9210	5473	6895	7879
4110	5410	4601	8649	6098
3041	1206	9074	6727	7124
2650	5212	6354	5843	7215
3516	6773	7988	7396	6674
2576	2106	5945	7182	9352
1940	7346	8562	6414	4242
6441	9524	8653	1042	8174
4752	3084	8380	3826	8811
5505	5477	4024	1859	1320
1240	4376	7093	8228	1773
3768	9805	2879	8714	6987
2231	9655	4333	9793	6069
7576	6235	5593	6229	6278
3768	9981	8362	2148	3808
7174	6653	8285	1199	7513
8606	1440	1889	5700	8668
2662	8468	8474	4542	7182
5461	5773	6837	8795	5567
2907	6372	1803	7501	2601
7081	1269	2583	5444	2418
5391	2619	8072	3677	2818
5585	2283	3258	6475	6984
1927	8137	5452	9402	2679
2635	4863	7453	8473	3659
3020	1380	9031	3824	7882
1633	9905	8151	3216	5350
9570	7608	6969	7642	1286
8788	3228	2570	2046	8703
8554	2974	6840	4007	2376
8520	5642	6240	5973	4116
8899	7994	4497	7930	1818
2379	8563	1724	9531	1780
6074	9101	8388	3043	6744
8675	1831	8973	1245	2878
7676	8799	4853	4517	2806
6229	3038	7449	2469	8012
1566	1369	6006	5063	8300
6825	6443	6863	7549	5975
7644	3623	5077	6032	5667
1822	4707	6499	9795	4953
8377	7472	3752	3230	1990
5559	8460	4028	3009	9930
2040	3575	1299	7047	7639
8599	3872	4082	5463	1422
9057	3107	4046	4135	8140
8713	4957	2847	5212	4752
6801	3590	2224	9553	5820
3214	5113	4280	6243	7122
4210	7283	9697	4510	4331
7336	3110	7203	1419	7573
7625	9477	9680	1672	3612
7820	9385	7569	9668	4598
2321	6469	7188	3546	6023
3009	5761	1136	6289	2005
7258	9500	8289	6955	4011
2620	4292	6121	8823	4711
3694	6449	4188	3375	7121
6801	1196	6507	4370	9865
1106	5692	6334	7294	8238
2358	9303	4000	2494	5593
5005	8753	5094	3294	5709
8106	4914	9001	4227	3738
3713	6922	9188	6902	9297
6310	3703	9494	2818	7073
9359	2924	2765	5693	9218
1004	7052	8522	4005	8546
4115	8010	7299	8210	1305
3009	6316	5220	2010	9543
7958	4724	6466	7147	1626
5764	3457	4329	5258	5275
1402	4617	7199	3168	9311
6418	3173	6363	4940	6178
4910	8056	4189	2210	6266
4494	4219	2582	8714	5230
2126	6673	8954	7592	3821
9580	3356	6278	3909	7615
1554	4312	2232	7754	6481
1543	4173	8654	6907	8113
4833	1817	6169	8022	3027
2436	2517	6247	4019	1232
1477	5146	6905	9431	2739
9726	9012	5096	6005	2922
2711	6560	6235	3943	4315
2716	4487	7488	1371	1394
5601	5204	2212	1771	3227
4240	3208	4744	9487	6227
4976	9965	1373	1882	9396
3112	1609	8409	7209	6615
1331	8920	3175	6566	2863
6491	8283	6351	3979	8654
6745	8580	3859	7958	9352
6086	2198	2560	9831	1685
7788	4808	1650	8162	5690
1047	1275	6300	8457	7484
2915	8788	6404	5091	5355
8268	1582	3638	4619	4562
2293	1365	3143	5152	8323
2495	1239	9521	4056	1071
1207	1845	4879	1858	9007
9570	1906	9283	5871	9363
6767	7787	8151	3172	2879
3507	1441	3461	6145	5061
7024	7438	5426	9167	2591
3750	1662	2831	3272	4719
2902	3480	5564	6782	4338
4572	6352	5245	3856	2224
4608	9624	9011	2760	2796
1890	5267	3238	4352	1413
7299	1376	7852	2726	9543
9443	5476	1206	2275	7749
4925	4178	1229	9490	9960
4568	4063	6313	8813	6919
7537	3422	6543	6548	5182
8340	7439	9450	1579	1791
9863	7878	2167	7715	9604
1711	7159	5081	1917	8435
2830	5842	2613	3060	5333
2573	6628	8396	7886	5442
5316	5424	7864	1860	1973
3047	9200	8412	2497	9780
9203	2361	7658	1371	9077
7263	2082	6236	2344	2999
4672	4175	7842	6285	6235
3175	7858	2864	1572	5745
7306	5888	1169	5170	6749
2142	7218	5950	9555	8715
5730	8758	1076	3388	9129
9154	9652	1212	5390	1996
3212	9063	5172	1054	5348
1408	3230	3206	3272	3803
7952	9578	8692	8122	4749
5441	9264	1967	1391	8820
9683	6121	7578	9760	8510
6708	8914	8162	6921	4305
9159	9133	3368	4332	9187
7716	4740	2418	9923	7012
5221	7875	6591	3913	5997
1340	8354	5262	2308	8745
4082	1991	4867	1661	1752
3377	7370	9666	1540	4291
3971	9700	3424	6339	9879
2682	7326	1914	1569	9845
6258	3299	6864	4950	3948
3787	1729	4979	8563	3928
9973	8959	8356	1912	6806
9108	8955	4970	2717	6700
6022	4673	9807	3450	6499
8497	5133	3825	9411	5703
3670	5669	8003	9534	9620
1951	3322	1350	5931	1885
4278	5904	9845	2635	6817
6651	1743	5772	1622	3461
2472	6644	7134	2280	9095
3634	9777	4229	6459	9188
8933	9129	4858	6936	8664
4479	7888	1986	4829	3819
2872	8108	8724	2718	9743
5541	8370	1487	1314	8992
3948	2787	5637	1083	4067
4733	3717	3845	7962	9177
3034	6896	8307	6893	3832
6971	1372	1720	7958	5202
4540	9830	3310	3264	2548
3054	7806	9919	3542	8120
8911	6491	9907	4549	6574
3975	8282	9292	6821	6245
8469	8855	3141	6776	5748
5974	3748	6121	6695	1706
1323	1235	1537	3634	3500
3086	5688	1306	3005	8230
8426	1917	4722	8334	5466
1297	2309	3748	9589	8130
8994	8059	6986	2136	4836
2735	7110	7585	7856	3806
8291	8180	4042	8829	1814
6542	1915	6502	6848	3920
4733	5274	4837	8456	3608
9303	8753	4918	3052	8343
3049	2047	6403	9035	3183
1239	1770	9294	7825	8627
3100	6116	6807	6143	4945
7621	2685	5861	4124	8533
8781	7857	3807	3619	6314
6416	2923	5067	1334	4976
3410	3383	6023	8814	2419
8207	9054	3190	7501	6879
1817	9602	2995	7624	5745
6941	5245	7431	2802	8370
5964	1584	6227	8772	4204
2541	5188	6127	6609	5523
1103	9020	7907	6127	7834
9327	4334	6888	2517	1836
3767	3334	1439	5763	9958
6185	2705	5204	3616	4508
3574	8580	5092	8802	7353
8297	1344	2542	4424	6954
7066	4528	5974	4973	9656
3808	4300	3990	9696	5817
4827	3464	8152	5266	8227
8111	1452	9933	3315	4068
4441	5890	2649	8534	4693
9002	6831	5038	1545	1256
1992	7611	4784	6966	2584
4440	9775	5885	7431	9472
1703	2259	2936	8855	6526
1164	6966	6978	1097	9282
1046	4538	5173	2696	3072
8866	1699	8904	3904	2244
9160	4896	8855	3944	1863
1440	7385	1638	6326	4817
1111	7029	6076	3047	5885
2603	3211	2851	8581	3309
2134	8628	6847	6307	1324
8920	5174	2024	7824	8078
3268	6984	2975	2124	9929
3839	2565	7315	4478	7891
2132	4589	4920	7209	6636
9806	8812	8848	2658	7394
2157	3792	6022	8005	9100
6347	6926	4274	7371	4750
2353	9639	1735	4328	1764
1664	7168	3329	7980	1646
1220	9112	5235	5141	6322
1872	4947	5135	9720	6606
2529	1878	9398	7552	8884
8499	3899	5810	2773	1270
9560	4126	9910	1295	7455
1674	1960	4623	4004	8940
5270	4224	8053	9505	8366
4376	1377	3314	8512	1098
8920	1041	1977	8319	7594
9861	6818	1493	5671	8592
1764	5232	2719	1675	5528
9175	2350	6488	3799	5354
5429	8069	8579	3482	7575
6946	6859	7952	9260	5371
8051	8180	5412	9028	6500
3007	8889	3318	3501	4560
1911	4265	8793	3630	4940
4321	2805	6291	9810	5605
1645	5239	3674	9225	7722
1249	6171	4581	8202	5431
8952	6253	3612	4365	5281
9112	6372	4171	2431	8873
7732	3343	3138	6525	5973
7079	9846	7779	3371	9656
3385	4017	4896	6059	3242
2618	6309	8414	6199	4512
3845	5151	9765	6458	8516
5047	5571	4888	8218	7003
3762	5950	9346	5901	2475
5320	2981	2322	3099	5352
1979	5484	8369	5875	1544
1612	7493	6854	9026	3693
1366	2871	7844	1131	8330
6360	5179	3901	1249	3397
9905	4011	8347	9251	8912
9823	4571	1893	2146	6671
6246	3125	2156	4615	8001
2701	5227	5494	8555	4253
8187	8921	6125	6032	9053
4456	2393	4232	7358	2642
6629	7263	5654	4977	6514
4567	4801	1086	5461	5947
6757	1707	8072	7914	5322
6073	9615	9550	1568	8170
3803	8756	7092	8929	4788
6145	3385	6181	9378	9743
7824	6007	7007	3479	9985
3522	7046	4786	3608	2507
9733	9366	3214	7806	7280
7537	3879	6896	7087	4448
5066	9891	3204	2158	8821
6993	7304	2207	3175	6682
1951	9999	2690	7958	3478
2675	1480	9525	6462	4089
2032	6196	3456	4247	4002
9736	1784	6882	6633	7872
1331	1699	7764	3535	2858
6585	9529	9163	7792	2704
5845	8743	2704	7536	6701
5182	9212	7182	4708	5674
1271	5740	1871	3728	8988
4874	3465	9773	1757	9098
7645	2088	9798	5409	4624
2656	1995	4153	1820	8787
5858	6666	7530	7562	4202
4232	2744	3414	1415	6453
8089	1687	2193	8960	4415
1181	3834	6880	9954	4592
5978	7600	5680	5776	3010
9304	7433	4005	3458	8253
2792	8316	4919	9323	5878
8122	3556	7623	1536	3972
4076	8625	4659	5270	7586
8074	5452	1421	4955	5407
5013	9933	3007	9693	5710
5018	8998	3144	8023	2457
1398	9816	9774	5317	9139
5652	3440	2696	3276	3976
5668	6353	2602	9327	1623
9188	7402	6075	9610	2357
1483	4623	2291	3491	4317
7002	7509	3316	9146	5532
4773	9544	5348	4547	4862
4488	9200	7302	6185	2476
1278	1853	7830	2881	1181
8453	2070	7584	4529	1680
8942	5012	5304	1233	7504
8622	7235	5013	1938	6381
9546	5712	5926	4895	9260
9788	8383	8460	7090	4569
9937	7368	5422	7767	9250
5604	6221	1320	3188	9751
2000	2130	4764	6305	2364
2268	4927	8600	6281	5865
4982	5828	1578	9908	9723
9838	9696	8107	8299	6786
2676	8237	4155	7099	6005
3405	2703	2226	3725	4892
1977	4726	6023	5741	1031
7387	7010	4959	5987	3292
9824	9970	8120	1403	9878
7844	1241	9574	5951	8540
6360	7627	6778	9515	4726
2783	2921	6430	4010	5647
1322	4988	9373	6345	9730
9405	3733	6740	4364	8721
9032	4189	8691	7153	4592
8569	4997	4834	8143	9948
3375	4504	7576	9153	4020
2303	1936	5941	7733	4947
1588	8056	8935	9962	4402
8665	9367	7135	5406	3732
5856	4438	6922	4548	1592
1514	3117	5589	5348	1261
5538	7724	4765	3115	6877
7786	4418	7814	3727	2152
2761	4316	9208	1697	4278
3610	9362	3646	9746	4769
6379	5603	8208	3301	3511
1083	5183	9715	4160	2396
3003	3403	7409	5066	5289
7751	5184	3150	5116	2701
1325	3348	7374	8623	1978
1212	4551	6890	9916	7650
1894	7913	7951	2061	1399
1465	2145	5583	1181	5305
6979	3185	7709	4389	7251
2998	2141	2436	5149	6257
4137	5474	8606	1512	4098
9584	1724	7649	6474	1641
5300	7368	8554	3251	8430
8954	3717	9575	4537	3898
4881	1517	6084	2590	4907
3335	4589	6048	4772	8739
2306	7909	4214	9912	8422
7312	9497	9147	4962	5971
9788	9262	3340	8343	2513
1770	7297	5230	1346	1835
8129	5227	2353	4213	6818
6260	6549	1408	2309	1321
9147	3615	8231	3361	3528
6653	9674	3025	5800	4636
7997	5589	3898	1337	3932
5412	2108	1230	9643	2454
2065	7772	6682	3418	1985
3501	8679	7535	3909	9988
7856	3057	3604	6087	5419
6132	2740	5093	8157	7541
8729	6154	3130	2628	6492
6063	7041	7600	6293	6684
9055	7358	4456	5737	9777
5442	8238	8457	2977	2148
8446	9834	4205	2050	5921
8624	7183	7662	3717	5340
5203	2447	1495	7334	4076
6987	3397	1117	4588	8691
6801	3643	6049	1258	8381
5827	5701	6620	4285	7679
7768	2731	7513	1973	3782
3435	9597	9965	1097	3315
5306	5301	4763	5801	2636
7839	2789	5033	7956	6378
3724	4758	9021	8774	5017
7403	4602	9718	4023	7887
7397	1791	9619	4911	2765
3401	7346	2363	3367	7443
4678	7673	2745	8441	3474
4381	6281	5264	8415	4237
1642	2140	7996	9664	9915
3013	7067	4517	2732	1091
2405	9130	1883	2025	4041
3648	4427	1388	5011	6794
7832	8690	4467	9577	7132
6942	3959	3413	2206	2374
6651	2849	3514	4648	2514
3430	6661	8582	6948	8393
8673	8354	7523	9557	9379
1565	3205	3806	1953	7217
9601	8785	5908	4068	8363
3041	1011	2322	5455	2218
3696	2106	4067	6211	5755
5582	8641	2416	4164	5589
9810	2838	3943	7334	2395
3323	7899	4600	6130	8853
1818	5731	7639	6726	8800
6002	8768	8812	7324	4223
1030	1021	5329	4098	6233
1085	8680	4875	2501	2844
9464	2312	4682	3408	8646
6077	5732	6546	9678	1863
5400	1497	6594	3039	7224
5395	8041	5992	4207	5366
9215	4237	5388	4545	7336
1621	4630	6016	5496	6132
7860	4961	7444	2543	7370
6090	7621	3102	2637	7300
3965	7037	7797	9560	9076
5022	4956	7118	1014	8164
2485	9229	2402	6873	3775
8738	7495	7406	4754	2991
3538	2615	6952	9982	4159
4323	6073	1780	6426	7710
8081	9392	4748	5879	8953
3824	9901	3909	9943	9915
2073	2428	9145	3475	8302
2921	2214	5797	9327	5968
7788	2865	7583	4741	2847
1743	8065	7921	2523	4491
5631	9605	3883	9380	5484
2836	3204	5385	5746	3148
5300	6819	4577	4446	9295
2879	6367	1509	7676	5694
6478	5465	7559	4062	9207
9407	4805	7272	7328	6329
1763	2960	5934	4646	2340
1418	6483	4545	5803	2229
6694	1104	8049	1271	4550
7345	3151	9918	7854	9827
5612	4333	5293	3172	7395
4500	2580	2200	1773	8909
7529	2536	1870	3463	6183
3211	3881	2667	6757	8685
3896	3451	8789	1945	3723
3340	8290	5874	3259	6145
5701	7872	9478	9995	1044
6873	4496	2625	8074	5269
1534	5603	6805	2405	8067
2989	4616	1949	4656	1373
9634	7553	3825	8424	8499
6548	1765	6790	2422	4024
2935	7124	1896	2414	7119
1941	8288	1615	3566	6362
5884	4101	1966	2690	5506
9034	4680	9123	9983	8337
9496	9618	5890	3322	8043
4389	8870	8808	1179	1292
2833	3115	7417	3730	4530
4536	4671	2818	5152	7238
8181	1037	1340	9148	2727
5847	8182	6408	4970	8166
4745	4467	7784	9635	6789
5828	4025	5660	4637	4205
5952	6470	6320	3369	9200
9851	6906	3872	2669	2058
1111	9851	2095	1451	8999
3823	6299	7182	9232	1269
5348	3977	4737	3133	3613
1527	7961	6639	6187	2598
9844	2140	8069	6165	4509
7270	6016	1416	1142	7685
2475	1253	7537	3571	1705
6537	6395	7004	3719	5627
7274	8068	8605	2011	1202
2218	2539	8164	7857	7726
9763	7702	8866	7832	3867
3376	5103	8883	3793	5245
6569	5268	5499	4106	7839
6204	9644	4234	3208	3364
8861	9482	1432	7467	1494
1635	8685	3034	8800	6543
9760	8563	4245	8627	6396
7113	2004	1499	5996	4797
5744	2566	9066	1243	5673
6905	6448	5317	1140	8656
7681	9002	8139	8114	6469
8634	8750	5155	1668	7550
1698	1429	6113	4944	9057
2510	2057	1062	3009	7053
4860	7754	8620	3926	7998
4293	9832	4446	8610	9972
3103	6292	8974	1243	4406
5444	8877	3156	9599	9546
9706	1297	9976	5820	5242
9034	7330	6299	9096	9340
3353	3956	7095	1973	6883
5093	5266	6715	8540	3877
6688	1644	9169	5663	1887
3576	1107	9765	5732	9706
9312	5439	1004	9288	1260
5246	8323	7590	1546	7419
6931	3900	1376	4026	4873
7260	8120	9140	3976	6661
3018	9664	7306	2187	5327
8193	4763	5434	7959	9496
5141	7271	4936	5145	6560
5196	9392	4884	2787	9938
2304	8718	3839	2681	2745
7713	8941	9866	6853	2917
6527	8872	2582	3834	1060
6909	2028	4823	2344	8987
4320	6485	6259	8256	1631
2820	3452	1023	6704	5239
9962	8008	3958	3801	9689
5703	1514	8631	5569	7368
1548	2097	6241	3131	4932
6301	9041	5960	1125	1385
4947	4445	6871	1207	2702
7503	3027	5154	7527	8732
9394	7489	6740	3352	1291
6430	8056	1806	5061	3626
8175	5610	4724	4416	7741
8656	9718	6782	4616	9843
7168	8564	4289	4039	8771
5991	1543	1799	1146	8070
9531	9540	5559	6272	2893
5851	2702	9949	6658	6764
3576	4834	2375	7300	8251
9116	5957	7969	5899	9573
7812	3068	8138	2101	6108
6910	7093	6651	7709	7239
4721	7240	6780	9281	3513
8673	5133	5215	8623	1791
1980	2199	5625	3355	8500
3876	2472	4457	1845	7372
4031	8658	9440	2170	9760
5549	8080	6853	2200	5789
4092	5921	3030	9872	5203
5543	8545	9336	9759	7169
1127	1739	8369	5753	6846
4751	4753	6611	3180	2841
3991	8421	3877	9473	6152
2981	3363	8655	1321	8208
4965	2290	6023	2104	9020
4619	3034	5787	2699	5704
8671	6680	4956	5773	1410
3746	9524	5163	9358	2705
7005	3350	1126	9882	2823
6278	2864	5186	4934	3185
3395	8900	4475	8418	1004
3496	3037	3038	8283	4736
7742	6954	1417	2699	2727
1827	5446	2252	5990	4804
3957	2995	7154	4083	2878
8978	9362	4742	4165	4297
6927	6560	3197	1402	4978
3201	3898	7016	5240	2182
1753	2982	8136	2170	4682
9864	2997	9128	2117	7988
3932	5074	9983	1087	8158
2862	9065	7521	6604	3230
1818	3532	8791	4015	3934
3770	6217	6833	9786	1457
8016	1540	3440	6152	2710
7122	6017	4708	6250	7134
2696	9183	2209	2680	9270
9367	4543	8336	6889	1147
1566	7708	3679	9358	1724
6614	3128	6941	3448	2914
7399	1464	3454	9840	6617
5165	6963	2635	8874	3214
8769	1571	2397	9979	3251
1668	9347	6795	9005	6236
6942	9572	3944	9622	8930
4669	6237	2058	1610	8686
3972	8010	9151	6427	7851
5768	1593	4814	7403	9467
7028	6173	1038	8426	6152
3290	9095	5500	9085	8100
1736	6028	7672	4681	5650
6603	8350	1888	7661	8961
9574	1634	6972	8725	7061
4823	4494	7655	8638	1898
7122	5667	7072	7160	4093
3225	9451	3189	7725	8536
1290	8462	4564	7963	3144
9215	4566	1495	1104	2227
9456	9679	2861	6429	8404
8923	1252	2899	6578	8891
3798	3701	4558	9870	9862
7652	3095	9313	9841	9821
7849	1131	8283	2414	8095
1427	1630	2661	1922	1734
3888	1379	1413	5750	6808
8818	4673	7061	1718	1252
5953	4516	3953	9511	4386
3815	7163	6482	3128	7004
6303	9978	7136	4586	2393
5231	5014	3023	6892	5937
3758	9781	6316	4171	5531
3125	2990	9205	9187	3708
9458	5140	7224	3411	4651
1611	6227	1815	7093	8355
7819	3396	8334	4956	6983
9728	9188	1997	2752	6081
6934	5510	5862	3251	8682
1394	5376	1673	9600	4564
4381	9058	8704	1606	2469
3356	2217	7696	4171	8311
6052	1991	1707	4387	5947
7691	4116	5136	8688	5868
1217	5623	1379	6079	7874
9062	6474	3251	9735	6074
6815	4117	5132	5520	4723
6602	7876	5941	4299	2048
4252	9352	3039	4960	3739
7987	2651	6855	3123	1339
2724	3341	5963	3103	8420
3837	2165	4894	6088	1901
9969	2903	5018	5102	7424
8742	1704	5301	4683	5004
6349	7936	4356	8389	2896
7096	6377	4547	3952	8501
4887	5676	1842	9850	7780
9263	3687	8946	4158	8776
9847	4127	1680	4865	8229
8104	3607	8934	3405	7291
3938	8755	5227	7295	7145
7123	4391	3522	1671	7343
2024	5559	3020	2867	5409
9801	2130	8097	8747	5288
6873	8595	8415	7554	3461
6645	5658	6069	5579	8064
3360	8518	6820	7587	5813
3965	4711	9204	6488	5382
6548	7512	9941	8569	9379
5351	8370	1509	3449	7118
5798	9323	5713	4214	6877
8174	9859	2536	4243	5439
9600	6604	3958	6421	4192
8771	9386	7903	7976	5874
3286	4525	3387	3228	3094
2766	7580	1465	3276	1029
7584	8074	9352	3298	2289
6229	1472	2148	7766	4716
6588	7367	1321	9546	3788
4513	8318	3174	2416	6294
8049	4703	9819	1436	6932
2914	3202	4512	3380	5479
4541	9964	3554	3893	3263
4843	9123	3735	5992	6889
7452	2580	4256	7773	2127
7045	2287	9445	9219	3703
5739	7268	7407	5559	7704
4339	7474	9907	7851	9855
5386	2393	9820	7941	5287
3083	2784	4411	5819	7776
1300	3272	9356	4557	1045
1483	1603	2333	9928	9822
5036	5668	7091	2444	1228
4796	5783	7703	4704	3635
7558	9090	5028	7378	7031
9316	9462	8816	3727	5281
6592	4028	7553	5948	7586
7599	6432	8189	8932	6361
8011	3969	2030	5103	5413
2258	8899	1197	8961	3603
3832	6520	2694	7861	3899
8726	7177	3361	7542	9904
7642	4135	3932	5196	9084
1518	2795	5516	8707	1728
1878	6719	4697	2908	1823
9111	4167	9723	9308	3129
3327	3141	8649	5021	1003
2548	3748	7180	4910	1291
7085	2553	4426	1018	6749
3511	1537	8545	8028	9245
9273	8906	5965	3970	1815
6788	3081	4982	6511	2390
7112	8838	4531	5762	3860
4534	7310	6609	1715	2221
6901	7801	3774	1328	7819
9523	3839	8356	8068	1867
7601	7341	9774	3567	1312
1589	9355	3393	5572	5867
4783	2685	4705	8315	7447
7566	2849	4758	4176	3565
5979	1077	1366	8753	1406
8185	8277	4245	6542	6345
5113	4144	3687	4887	6711
3999	5477	6066	6393	1050
1933	1177	2735	5639	8492
9182	3206	1342	3941	6383
3907	8920	6460	4273	7673
6866	2458	5951	1112	8001
2296	5225	2145	4984	9113
7856	7984	4590	3923	4377
4641	4857	4554	6376	9496
3047	5559	2703	3389	8500
8086	6296	7421	4547	9569
5095	1413	2028	1046	1526
9029	2343	5751	1175	6327
4864	8031	4311	8455	1954
7689	3096	5811	2244	8473
5308	4291	4033	7012	6680
2534	5098	2977	8955	8645
2547	4050	9059	3575	4096
9585	2605	5439	5337	2780
1767	9202	9811	5079	7657
1766	2769	9754	6578	4013
8227	1886	7305	2261	7898
3985	3795	2997	5963	2750
1643	7510	5801	9702	1085
8898	9288	2691	4338	4625
4471	5105	3828	4283	9185
1485	5050	1954	1240	1628
4967	8467	2515	2272	9729
9414	5258	3524	2411	1222
5275	3054	7732	1076	2757
7818	8974	2045	9509	3312
5671	3981	7418	8499	7264
6603	8985	2315	7557	9225
2943	2525	7693	4459	3798
7422	3873	8057	9947	5285
8279	5222	7340	6011	5299
9097	3829	4273	1143	3339
6586	5815	6320	4004	4315
3585	9607	3301	4900	7165
2527	6844	8690	9220	1303
2489	6643	4176	9546	6591
8461	7825	1813	5801	3836
6113	4899	6666	9386	5043
9006	5973	9858	5326	8977
4174	7912	8585	6475	2812
5751	8002	8656	4442	7223
8959	5931	3866	3136	5477
9458	1597	3303	1272	6399
6140	6385	1299	2806	5772
5342	1813	1745	5200	6139
9723	8374	4051	8308	6846
5772	3919	6911	7001	2124
1809	9947	7782	3851	2678
6098	8927	9057	8487	1597
5017	6948	7915	3638	6927
5306	5896	6031	9678	1951
4219	9527	5093	4511	2994
9832	9283	5913	6743	6285
7038	7553	6232	4820	1404
7911	9918	9332	6969	8405
9929	1986	5354	7844	4624
2281	3151	9521	7313	2830
1473	1533	2357	5567	5044
4352	5399	4328	9265	2142
9613	6304	8695	5846	1124
9099	3758	1043	8431	9727
8449	8361	1714	3803	6206
5339	5085	8358	4861	2399
1188	5334	2932	2546	9901
6977	5898	5300	1305	5164
6443	9919	1468	5138	5766
1593	4238	8524	1636	2670
8252	9085	1031	8966	2889
6237	4305	6974	4595	8166
8373	4784	3501	1305	6330
3402	7283	2228	7703	7588
6393	4146	7508	6861	8285
3274	7455	2523	1799	8091
4193	9051	7177	4225	8017
9066	9462	2323	6041	4058
9489	4414	7842	2991	4720
4173	5394	2003	5402	3097
8592	1795	6244	6101	7657
4529	8375	5112	6053	9174
3203	9246	8225	9381	3472
6243	8447	2934	7566	4489
5993	7056	7903	3836	9048
2624	7009	4442	3628	2411
6540	2221	3206	2784	7322
9863	6314	5698	4975	2368
4873	7179	1615	3099	6561
4087	8342	5008	6022	5909
8497	2015	2965	6401	4851
2014	8026	1861	5456	1654
3272	1996	2875	5479	3781
9198	5342	9096	4896	9318
1464	8769	6498	2080	1868
3059	5167	9211	7068	1189
5120	5566	2205	7086	1968
6057	8100	8994	6918	3556
9648	9191	4553	2524	4670
7335	1723	9013	6431	5619
8332	6896	4388	4830	7976
5257	6890	3144	4468	3958
3333	8588	8525	4539	5674
9493	9596	3775	8487	6515
6332	8136	5706	9885	9661
9376	7220	1384	8390	3652
6003	6722	9548	9392	1553
7525	4650	7444	9669	8118
1403	3003	6707	8928	6542
2382	8421	6139	5157	6909
2654	1489	5045	7360	1374
4707	6737	7595	5091	5128
1247	1095	1850	9795	9487
2404	7320	4137	8848	6990
2256	9252	8993	7963	8180
5535	9345	6602	1674	4502
3511	3328	4992	7557	9689
5366	2264	6427	2962	6356
1555	3209	6451	2406	3005
5939	3810	9326	9077	2659
6316	1333	1911	5309	8296
9092	9845	7642	5694	1519
2145	8206	3848	6137	5763
3537	1503	7028	8965	3466
3384	9520	5675	8836	1926
7680	4775	4737	7007	3852
6397	3323	4186	7309	7632
2483	6401	7478	9125	2096
7997	1270	9302	1846	6407
5066	4384	6911	2095	3349
9377	4479	2869	5053	3315
3796	2734	7091	7533	8741
9943	3930	2064	4129	1239
8697	5612	6641	6175	4738
7737	4173	5008	7040	5019
1416	2106	8404	7327	3202
1753	6705	6681	3623	1759
8997	6419	3493	6088	3952
2234	6032	6883	3299	9162
7123	1997	4775	3765	7172
8513	1502	1346	3522	7543
5366	3938	8650	3770	1266
1852	4524	6972	7534	7147
7731	6531	3566	1224	2620
6519	2459	7652	3403	4758
6814	9526	5755	1590	3291
2928	9103	3794	3275	2625
1337	7641	5564	8988	1412
5831	9840	4936	2803	7374
2083	9534	3906	4650	9759
5526	1169	2218	3179	3572
5977	8994	3099	1732	9584
5391	3661	8687	8185	5936
1313	8523	3578	5877	7511
3991	1708	7352	7927	3512
4726	9011	3046	7633	3662
2806	3159	3832	4024	5338
6404	9001	4332	8504	9734
3916	3895	3396	2604	2081
8333	2917	9605	1912	7795
7117	4903	8503	4469	2831
2015	8196	1843	4062	5829
4505	5868	7988	7337	8893
3327	3742	7895	6659	2246
7630	9576	5142	1026	2180
6224	8359	4098	5829	9271
1893	2946	4175	9397	6415
6006	1413	4611	6849	4476
9441	1354	9345	7429	7691
8238	9757	1434	6134	6417
2680	3764	5993	6823	3790
7174	3047	2150	1273	7876
1422	2166	9823	4597	1564
6238	9604	1977	9850	6453
5454	9291	6808	4799	6721
4500	3038	6478	4934	8172
2895	6615	1936	7889	3438
4727	5064	5485	5878	5337
3362	6300	6503	3185	9898
7068	8424	9502	8046	8275
5956	3500	7567	2764	7300
4288	6264	9338	9767	1199
7510	2663	6815	8447	9553
9253	3174	4617	4739	8053
8954	7102	4353	5458	9287
4251	2526	7712	3754	9573
5987	8710	3073	3554	1474
9373	6843	6739	8712	6610
6939	6223	8274	3754	4670
7827	3007	6845	2444	6747
4898	1399	3850	8252	5857
3137	2503	7384	9850	5257
6957	5837	3967	9031	8392
4442	8405	5235	1182	7118
1846	7121	3341	9120	9875
7011	6948	2883	3857	8393
8631	7756	8792	2481	6008
4650	4618	7512	2035	4469
2770	7993	9306	5738	7024
7698	9180	5430	2934	9363
2548	3780	6484	4889	2901
6359	1901	8850	8243	4759
7243	6874	2515	6036	8355
7524	9686	2974	5036	1722
6443	6807	8715	5750	2545
5739	3448	1726	1170	5383
1089	2718	8163	6573	6608
1065	2933	7509	8915	1176
2269	6158	7050	3784	2194
5405	1308	1881	7380	5345
2603	3823	2152	1318	8573
3698	6058	2022	4424	6228
6405	4513	7946	4569	1087
4555	4634	3020	2064	3549
3197	3334	8708	9247	6118
9902	4653	6427	1784	2033
1773	3388	4857	2925	3706
3430	5623	8765	4453	9048
4993	9859	3562	2940	4428
3649	6495	8062	5670	7560
1612	7867	9894	9320	7114
6013	9223	1768	2441	1008
2801	3214	3396	6659	5140
6102	9089	9764	4868	3543
8812	8861	3402	2374	1802
6830	5023	7297	4893	9693
4858	5506	7560	4753	4826
4675	9766	4050	5443	2208
4058	7245	4422	6454	3904
8562	2557	2994	8327	6425
5538	7139	5287	7940	8513
6089	4771	3537	3387	8665
3231	7245	4171	9792	1999
7998	4468	1766	2048	8911
2974	5107	6157	6397	1562
9062	4960	3119	2057	3287
8545	6595	9426	3832	4536
7940	8921	8308	1478	2309
6973	3709	8555	1145	3502
9554	8144	6970	1320	9192
5882	3295	4300	2039	8692
4862	1102	3652	6981	2160
5940	5527	7755	5367	8359
2292	3307	7281	9600	3786
8590	6574	6495	7145	6719
8997	6700	4863	5967	7020
4056	1849	9316	7356	2889
8008	2219	2992	1661	8201
4152	6602	3728	1908	3521
2917	1710	7258	9501	2259
9431	9345	4194	6565	5276
1868	1593	2786	2376	5845
7213	3946	2154	9810	7359
7724	1245	8976	8647	6839
7015	2839	5319	8811	2186
6834	1729	2896	4093	1230
4155	3525	9576	7350	9090
4853	8218	9684	6639	9595
5529	3853	3541	6683	3663
9901	4407	3909	8877	3055
9749	5892	4895	5069	4704
6081	1903	5433	7978	4997
5664	2134	7522	5240	8484
6613	9093	6703	6297	5732
6298	1826	8585	8839	7510
2249	8741	1917	5159	7618
3973	4908	3511	7868	8977
7215	3950	9881	2649	1928
4878	7313	3062	2401	2553
1547	8015	1646	7251	4313
6379	3549	5140	4965	2389
2650	6215	1130	3568	1374
7749	6541	5283	1260	4410
4260	7476	7361	4142	9125
8289	8020	6438	1352	9422
7991	1900	7437	8638	8151
1750	5018	1700	5891	8984
3090	7541	5199	3220	1109
5574	9970	6650	9857	1230
1061	4118	7706	7422	7260
6831	5712	5281	3270	6064
4703	1262	6964	2141	8900
5116	2892	3919	5816	7783
2903	7907	5324	7103	1128
5433	2677	1098	2084	2535
1328	2145	5654	8035	8568
2914	4867	4280	7195	7137
9345	1899	7399	6310	3040
6300	1426	4933	9219	6243
2716	2123	4150	7040	8226
4278	2474	9904	4376	3559
2440	4705	4705	7094	2741
3273	9008	6609	6553	6204
3747	5898	7103	1147	2208
9144	6447	2635	4077	5667
7878	5793	6791	2028	2834
5017	5307	4309	4922	8684
6868	6362	3390	1573	3456
5131	3846	2465	1741	9400
7669	4488	5299	4773	4635
6507	3917	1083	8143	6995
5751	6021	2789	2542	7050
4624	6560	2357	7933	1483
1041	4802	6845	3432	5376
9301	7564	8223	1766	8305
7623	8436	2794	2922	3209
6429	8430	6127	6513	6573
3123	2265	2595	4912	3807
8645	8537	9368	1003	6471
9851	1045	1273	6696	3477
5650	5998	1041	3873	6765
8347	1497	5202	1141	3420
7412	6570	1851	3540	3084
7425	5663	4349	9020	9576
7157	7666	8113	6525	7669
4584	6377	7714	4858	3074
1191	9508	8072	1233	3381
4838	8580	3879	9040	8721
6299	6452	5292	7150	8992
7377	4575	4656	1726	3595
4232	7883	1261	2346	4409
7931	5931	9787	5645	9789
2861	5837	9297	9934	6070
2679	4772	4651	5558	3813
3373	1857	9266	7666	8008
8258	5043	2583	2915	5770
5179	6147	3654	5441	7494
7063	3372	3425	6850	8017
3215	8712	3855	2513	8646
8925	4192	3418	3577	8751
6231	5950	9609	5497	3616
7617	3756	7660	9201	5672
3430	4380	1820	6084	8822
8314	3148	2194	1740	8998
9212	3955	7710	3067	5468
6356	1993	8660	8775	4570
7412	5007	9521	7021	9505
3137	4639	3262	9797	3840
7934	3227	7221	8754	8312
6043	7068	1460	7238	7808
9458	6450	1764	7169	8518
6232	3526	9511	4892	2302
4082	2305	6309	3603	8327
5814	5740	2966	8076	5538
5807	6010	7766	3029	4765
6078	8073	1834	6538	5312
8642	5997	1763	9406	3167
9281	5639	5694	8792	9532
6996	2874	1837	3305	5478
9164	8120	1219	2131	6196
5757	6939	2207	3524	8969
5972	8603	7042	6806	5141
2354	5449	1139	3117	4856
3307	2399	9495	8001	1192
9027	4997	3067	9865	7303
7545	9030	5423	7764	1161
1620	3522	7101	2828	6046
6070	7800	4650	3112	4607
8791	4467	9057	8931	6585
3913	2238	7984	3409	9240
8177	2437	4237	1244	2302
1541	7789	1332	5964	5553
1494	6585	8076	7595	8413
4123	3665	6214	7773	5778
9821	6565	9246	8878	5496
5832	2792	6735	3817	5202
5975	1994	6639	9213	2238
7942	9754	9027	8275	5719
4581	8770	2304	2657	6365
9718	5780	9031	5932	3554
4810	5753	9119	4056	4632
4615	8888	6425	1351	2705
1627	6326	3699	7267	5539
4938	5210	5293	3965	3486
1013	7547	2257	2317	9205
7623	2035	4985	6654	6967
7539	1464	2721	6659	4521
6354	1274	3410	2780	1625
5115	3408	6952	7815	9676
2491	2753	4886	6785	5719
7373	6798	3266	8630	8116
2471	6253	9151	6457	2908
6119	3997	3373	7841	9656
6894	4196	9931	9304	5976
1557	4420	8384	7509	2236
8060	9001	3989	2947	5786
8708	9321	2585	1975	7951
9701	3447	4205	8853	8904
6114	4973	2902	8487	2814
2558	5382	6011	2490	4686
1987	3047	8107	9372	9556
9343	7432	8557	3333	9380
4344	2041	8701	5929	3017
6653	5631	5464	9859	4484
4369	5973	8457	6271	4461
1272	7830	8843	6283	9320
3530	7270	2367	1637	6642
1924	9981	4075	9482	3314
3456	3826	4356	2157	8756
6373	7811	4387	1838	7670
7872	5207	3644	6329	1478
7105	6601	8308	5949	2884
7628	8479	9155	8996	9116
5798	9920	9097	8873	9402
2411	2330	3229	5767	3487
1985	2141	1299	5373	2979
7970	3245	7186	1614	8574
7665	7720	5176	5974	3669
7061	3603	2148	6216	2599
1265	2014	2520	9363	9888
1922	1775	2219	4151	6543
4706	5137	7684	5006	9511
9664	2976	2756	6851	3591
1331	4516	1311	5507	9491
3981	2569	3094	5129	7785
4693	5395	8800	6214	4758
8689	7136	5534	9908	1288
2077	4615	5426	8762	8621
4937	8426	1598	6694	5277
4189	7025	8794	4500	2533
8285	7482	4102	1379	2611
1888	5073	7007	9689	1287
1766	8379	7424	6300	8287
7712	7378	2903	3139	6140
1525	7076	4566	2123	3771
8844	5312	9796	7638	8813
2330	5923	6295	5433	6303
7907	6322	1376	4914	6011
1664	5681	4390	8088	1981
2678	5801	8359	4582	7940
4500	5107	5017	8067	6230
7788	6911	1543	7585	4550
9357	8916	9473	5652	4350
5777	3560	9672	6154	7475
5684	6818	3156	9075	4907
4137	1754	9708	2497	5336
7649	5998	9443	2667	4065
5674	9456	9977	6218	7041
4527	5575	5958	4001	1227
9308	8778	3788	8980	4932
1263	4665	1751	3419	3740
5658	6557	4494	5367	8054
8830	3017	4053	8274	4684
7118	3948	4140	7095	9167
1182	1623	4742	6140	4624
4970	5448	3403	7758	4429
7336	8021	8094	8087	1440
1834	3746	6997	5329	8113
5052	4159	1130	8106	3546
8117	5704	8370	1012	5084
1387	4208	7563	5042	3218
1772	6441	8416	4442	1337
1838	6252	5352	2650	7608
7240	2703	9530	3184	4679
3565	8282	6904	1882	6443
2275	9000	2147	9646	9012
6232	1033	3221	3795	5076
5439	4567	1518	3856	8009
1855	4694	4262	6207	6344
1871	3448	8048	1401	5632
2728	3966	3915	8632	4849
9358	9908	3849	1506	9555
2862	6738	9589	5083	9533
4665	9523	4101	5183	3380
2111	6039	7074	5374	2247
3419	6245	4695	1468	6647
9328	3196	9614	3243	1829
4464	2602	1737	7313	3108
1292	9175	8847	9881	4259
8381	4547	3783	2482	8731
6163	3594	4770	3238	7968
6017	5657	4214	9712	6126
9862	9041	8322	9476	2284
9152	3940	3886	9890	1254
5995	1183	9430	4842	1065
3689	3223	4612	6473	4706
3343	2636	7300	7114	4874
5268	3131	9532	8483	2844
5658	8345	1886	3981	7822
3170	3134	1763	6057	3024
2017	2053	3207	1448	5895
3272	4138	8119	6885	9611
2825	9228	2247	9125	6343
6121	4394	8474	5654	2877
1319	1312	1223	2205	4294
8045	4376	6428	8808	9434
8453	9825	1487	1660	1274
6383	3933	4412	4502	9818
4023	6327	9047	5270	5453
5390	1392	8848	3865	6046
1725	4184	6359	1948	5390
9654	8994	8767	6083	7802
8201	4536	7628	8689	5196
7902	5072	8130	2314	8575
7948	5338	4903	6995	9608
9356	2386	1001	8204	5251
6048	8930	8436	2408	9879
3827	2062	8873	2594	7146
6676	9796	1682	4305	8486
5879	2207	3559	4009	3522
2134	1957	7860	6038	7953
7469	5394	9339	7471	3599
4591	3519	2530	3028	4927
2410	5855	5990	1284	7450
3136	6960	7247	3818	1265
5733	8697	2473	8292	2707
4996	9426	3664	2856	5464
1618	9326	9859	9958	6797
3459	4549	9317	4990	6578
4244	6400	2434	9235	6684
8884	2371	3645	6131	5190
3911	1864	3888	5384	9157
5595	9380	8584	8259	2237
4049	8878	1563	3908	8836
7361	6368	3386	6678	1359
8964	9923	6760	1399	9158
3445	9283	1529	6090	5415
5719	9002	6280	8607	4386
5437	4203	3767	4021	2462
5005	7070	1341	5569	9979
9177	2930	6348	2564	8609
6707	1528	8532	3467	1928
7690	5912	1211	8220	2003
5627	3940	1005	1908	2548
4392	6346	5751	7160	9368
7214	2166	6439	7555	6735
6419	6733	8666	2767	8297
7275	8475	8826	5808	1943
9754	3499	6856	9966	1719
7860	5593	4660	7866	6502
6208	2258	2848	1960	8419
2216	8174	9585	7655	5729
6321	4074	2462	4987	5842
9760	2263	4318	8586	7072
5262	8340	9571	2118	8306
1291	8979	3900	4951	6845
9402	1160	8104	2250	2120
6523	3467	9294	6109	1123
5024	2431	4198	6487	6419
9041	6247	7683	3359	4833
4755	7621	3174	4327	8740
1480	4619	7719	4380	8571
4564	3783	8731	2668	5034
9852	8192	7501	9147	4302
7625	4171	5733	1823	9659
2152	9864	5907	8835	3224
9740	3590	9845	2914	6918
8585	3395	1537	6305	6776
9108	9869	9559	7839	2538
4593	7692	9730	2095	6839
4033	8720	1011	8766	9544
9670	9918	9408	5577	8754
2632	5318	2345	2478	7233
8263	1064	9629	8800	6369
6405	7909	6238	5965	5748
7777	9558	3441	7508	1654
9280	1541	9375	9291	9307
8919	8962	9226	8328	4540
7980	9960	8858	9326	2438
6092	7589	2503	5721	6390
7872	2126	4299	4111	7091
9048	1888	6650	2489	8396
7305	1769	8938	6680	1061
8246	5599	9023	7473	3927
3564	5454	3888	2422	4780
5327	7514	2369	6830	3236
7759	4703	4362	2058	7814
1454	1106	8702	7105	2596
7099	4410	3365	6038	1091
3427	4284	5691	2451	1758
8619	5015	6212	2507	6438
9992	6835	3953	2362	3666
6189	9122	7369	9552	1181
5183	1007	1287	3886	7112
2884	9986	1523	5250	6024
1615	7677	9309	6306	9129
1068	4925	4144	6280	6433
9583	6273	3269	3536	7635
5935	8725	6758	3304	8278
6939	7487	8285	7227	1374
5398	9111	1360	5922	4361
6385	6537	2038	5695	2844
1167	5763	6770	4312	2044
3203	3895	7317	5472	6431
4953	1408	5157	1711	3712
3436	7650	1200	1722	4878
1574	6121	3989	1935	2043
7350	7320	7581	8389	3016
9426	8556	7780	6196	2869
8824	8400	5764	6142	3872
2196	1096	4280	6354	1807
6993	8790	8458	7193	9512
3336	7767	5633	6326	8702
6677	3676	6023	4259	2065
8039	3685	9622	5820	8881
2491	4644	7281	7256	9786
1154	8452	9883	4435	4806
1690	1428	3597	9149	7622
3110	2486	5389	7743	7812
4092	4421	1489	9116	7680
2554	7156	1366	2176	2976
9247	3668	6620	6529	9924
6407	6683	8377	6290	1119
3183	6981	1548	5780	6131
8170	7891	7617	3560	5634
5430	6653	9056	5919	5769
6737	7474	2925	7103	8651
4901	6350	2319	1522	2880
2244	6930	8563	9621	3221
8683	2804	9203	9231	7585
5334	7401	5476	2952	9962
1111	7383	6615	9168	3302
2385	5905	9776	4310	3008
8428	8212	8359	9747	8735
1239	1991	5665	8803	1612
7887	7486	3417	7090	6718
1003	2425	4120	5480	4377
4082	5592	1760	9698	4760
4063	2083	9666	3840	5393
2675	2268	3606	1034	2015
2341	1274	3007	7007	9078
3620	4895	6565	6037	1985
3283	6041	3410	6403	1521
6788	9486	6114	7548	9184
9875	1612	1268	9541	4452
5661	2216	5720	8268	2251
6736	9610	2526	8743	6617
1604	2363	1513	7169	7401
2498	9453	3442	4909	5857
3964	1697	5343	9079	8246
4528	8954	8858	4796	8495
3310	9458	9712	8030	7727
1963	4766	7337	3489	3510
3955	4093	4873	4468	1263
2275	5967	9717	4718	9876
5574	7683	1573	9918	6762
8820	4446	5716	7678	8243
4212	9988	7702	3924	8019
5429	4887	2786	2766	7376
5296	5722	1470	9170	9190
1734	1446	5157	1451	5164
5033	6026	2847	5607	5944
8609	4427	9391	4325	2106
7634	7537	2095	5337	1462
9115	9766	5349	1901	2533
2726	6198	7255	3197	5369
6445	3932	5815	1603	4383
9979	5637	9409	2826	1244
5354	1436	4672	4745    5153
5152	3463	1865	7187	6894
1973	7799	9121	1997	7769
3042	5431	2022	5936	5218
4664	3058	9007	4865	2250
4985	9194	8794	8944	2533
2262	6090	3245	8955	6465
6042	4107	8929	6908	1295
5823	7881	8094	4945	8879
5864	6987	4311	6886	2923
8529	1551	4982	7537	5417
6232	2522	4611	5026	1467
6144	6289	6558	8389	5245
3024	4432	8352	1953	1340
8648	6777	8222	6743	1722
7102	2607	7710	1413	8494
9634	8943	9045	4616	6480
4463	9849	8003	8074	4876
8471	4218	1165	5029	2608
5411	7054	6041	3763	8007
6381	2412	4784	4604	8155
5507	1706	9763	3218	2120
8257	2852	1064	7303	6468
6545	1766	6317	4548	8840
1193	3020	3059	1359	7050
4668	5770	4104	9709	8534
2111	6091	9947	5896	9695
8102	1404	1402	7865	3622
2523	6123	5474	2587	3426
1943	8132	4193	7261	2681
3033	7455	4702	5093	7815
1752	8761	3585	4856	8470
2120	5968	4562	2067	1865
4257	9170	2269	4660	7035
4891	6183	3158	9366	7771
5585	1309	5904	8778	7570
7586	1812	5026	2288	5906
2841	3040	4667	5426	6897
3138	6547	2866	6700	7615
3731	9958	6785	5000	4618
3821	8892	9802	5980	8258
7573	1566	8567	3477	9344
6138	1064	1157	1164	2352
6063	3005	4393	9731	7432
1290	2869	3980	3156	8569
1595	5888	8527	7381	9889
3146	1203	8781	2948	6184
7039	9522	6750	5607	3000
6095	1745	3064	6252	1910
4416	2316	3915	7809	2047
1348	8100	3916	4328	1257
2486	4924	6145	1014	2306
6034	3160	2509	4815	5108
7694	1855	4630	4444	6462
6630	9539	7208	8694	5792
8118	3111	7109	2034	9920
8157	2383	8021	2073	5712
8278	3560	9637	4423	3574
1943	9458	5734	3453	4274
9843	1147	5129	4474	4592
1592	1104	4132	7800	8799
8925	5919	1910	6034	6954
1831	4191	8337	8853	5265
4049	7131	7825	3686	1554
1400	4630	1013	6134	7083
4287	5978	7231	8416	9452
1823	9009	9557	4955	6809
8356	3880	2729	9267	8914
8683	1099	3106	7020	8952
7371	1069	6083	5197	3756
6638	5597	7386	6651	1732
4469	9939	6710	1700	8355
6162	2524	7365	5719	6479
4174	4076	9359	5903	3344
8274	4586	3443	1380	1607
2396	7752	1676	7479	2949
4433	4118	7547	1819	9770
8279	5289	9709	4990	5990
8065	1153	7514	5430	5873
3993	8605	8949	3353	4508
2293	1628	8095	4737	2008
8702	6133	8761	9379	3613
1711	3813	6731	8258	4632
6502	6538	8922	6211	1528
4913	4276	1681	2427	8707
6554	5421	7312	5504	7775
1821	6798	8403	8916	1536
9412	7619	6669	8173	6999
9283	8884	9812	6014	7142
4445	2516	3681	3368	7728
4209	7281	2005	4891	8708
9712	1446	4130	7024	5951
1905	7846	2749	9308	6763
3285	8720	4382	8955	6893
1382	8238	5778	1195	4253
2921	4640	5770	5602	7009
3498	8812	4290	4504	3703
2999	4216	4150	6129	1241
9101	7034	8087	1851	6343
4851	4136	5063	8234	3092
1957	8616	1331	6736	8811
4584	8657	3452	9355	4259
9462	2853	3072	3752	6357
5776	5751	9574	8926	1880
9816	8027	7915	7903	8878
4258	2754	3015	8322	9989
5108	9280	8605	5439	6016
7417	9023	4674	9870	8378
7934	9332	1232	1006	3084
6590	5782	7836	6164	4708
8717	5981	2736	6632	3884
1615	9891	5639	3630	8214
5628	7738	7495	4234	3178
3511	1652	2201	7185	1522
9580	5119	9855	9813	5126
2939	6403	9908	9776	2568
4617	8493	7549	6353	5126
1434	6968	5017	6074	9599
3232	1703	7338	9727	4938
9516	3239	5590	1718	9425
6113	1299	4545	5968	1112
8671	7908	6516	8580	7684
8085	3197	6177	5635	8550
1303	6069	5519	5321	2144
5119	7553	2848	2457	7281
6786	1974	9520	2377	2693
8945	7490	2992	3491	3458
3105	2162	1366	8621	9742
8050	6707	2939	4228	2342
1490	4532	7412	6010	8853
8556	1129	6407	1405	2587
3688	7191	3562	3209	8568
5255	2155	6058	7248	4646
8517	9354	5809	8883	7975
5551	6934	4683	7491	1162
6025	7981	4694	3437	3992
3548	1994	4122	8956	2400
5710	2645	8591	8272	4854
7160	3528	6010	3219	9777
9656	1736	9131	5465	9620
7107	1017	6554	1790	7508
6717	6816	5490	1412	9254
8483	3961	1249	2605	2917
2649	7315	4562	1240	5588
8417	7401	8117	4427	9620
7894	4084	1357	7026	8550
9977	4133	8567	6532	4924
6076	3249	1740	1566	3662
9994	9050	6623	1243	1655
8540	2892	7971	3103	3133
3560	1520	9534	1677	4947
9155	8572	8031	9512	5598
6581	9489	8732	5149	6021
3656	1225	8271	4397	1792
1933	4391	9842	7556	4635
1498	6097	6528	8469	8200
8661	2029	8720	8196	2707
3668	7351	1279	1700	6864
5878	7282	6353	4611	2431
2375	7267	2657	9646	1665
3450	1579	5056	3293	8136
8692	3791	4234	5220	2261
2435	3882	3291	1156	2079
4998	3824	8431	5278	4524
5295	1157	1806	1648	4768
3238	3024	2036	4896	2670
2701	7346	3250	6758	9640
1387	5450	3432	4621	9671
4693	6057	3554	6984	6213
4633	1983	9038	3064	6262
3562	7359	6419	4369	8008
1188	6608	1032	2224	1505
2703	3925	7852	4953	9684
7492	5340	5135	9924	8962
4806	4618	5020	7360	1603
1233	1994	2586	9271	4058
7849	2834	1418	4268	6204
8427	4456	2813	8459	5681
3318	1163	8607	1170	5116
8291	7663	9457	3426	7587
8420	7233	2205	3440	4594
2808	3674	5588	4395	2945
8646	2244	4780	9065	5513
9985	7492	8969	2798	5952
4651	5117	6115	3258	5288
1232	1549	2951	9690	3976
9538	8110	1209	1744	1551
4803	3552	4225	9392	6948
6171	8038	8192	9952	7104
3705	9937	4596	2675	2736
9549	6326	6854	5665	8585
2142	5898	9135	4093	5588
3111	3631	3699	3321	4375
4250	7125	6928	7476	6517
3876	3648	4556	2069	3600
1661	4775	3538	5258	6451
5274	4807	2777	2129	9473
1363	3271	5371	9498	6364
9959	2609	8995	3658	4931
3371	6909	2057	9300	4386
7574	3177	7034	2131    6598
1422	8215	5975	5749	7268
6381	2209	2197	3623	2061
1615	8982	3856	5316	9820
5748	8129	3598	3354	7680
1688	9369	1885	3002	9267
7210	9215	7789	8275	3550
9228	8697	1766	5204	4447
8034	1585	5656	9232	4209
6717	9848	3192	9574	5164
3012	5322	3293	5610	7676
9974	6299	7046	1859	8301
6314	8070	7517	4104	6345
1068	3332	5043	1834	7536
8490	8868	8122	4147	8100
2331	9865	7948	4523	9439
3113	6535	4761	5406	2146
2438	5381	7446	8485	6240
5748	4800	4310	3265	7904
9656	3333	1237	4699	4167
7774	3190	3036	5896	6337
1137	7228	6203	8086	1752
5642	1199	7288	9404	5606
8435	1843	9987	5881	9328
6227	1629	4129	9538	3895
2033	9195	6228	2271	3894
9396	9045	6085	2432	4942
2423	2570	2171	7626	9656
2923	3269	9855	9212	2673
5461	7647	3517	5449	3529
2845	1676	4159	5975	1215
7054	7008	9410	3282	8280
3305	2679	7326	8391	4112
2268	9814	5682	3440	7441
5338	5364	9710	5194	4576
2384	9656	2224	4901	5105
4753	6747	5782	7912	2722
5997	4967	8731	5408	7250
7011	7714	8929	4337	6105
3041	5606	5920	7724	8046
3361	3063	3410	3072	7257
6987	4456	6913	8212	8358
2019	2965	5105	6801	9878
6828	2798	4845	5559	7207
2095	2570	4921	1025	5908
1026	3067	1514	5947	9791
8561	8308	2854	1972	1381
9112	7960	4838	6026	6172
3196	7045	8138	7302	3846
8016	4130	5645	2862	8689
2853	3958	1260	6774	3984
6168	6801	6051	6683	2748
5843	5245	1056	7698	6217
1438	6810	4177	5276	2837
9349	7472	8883	7487	4774
2730	5504	7905	7375	7367
6594	9228	1325	6855	6003
4310	3024	2804	9361	8707
4552	5204	3953	4609	2902
9170	5047	8713	3348	9323
1551	2698	6796	9434	9185
1571	2164	4690	8476	8540
2057	5070	7768	2383	1925
3772	5693	3949	5576	5055
2657	9128	9260	5610	3737
2163	4781	7785	9876	7130
7108	1428	8828	3905	9862
8014	4476	2026	2704	2952
9566	3762	7022	7335	5146
7948	1107	9840	1898	5684
4896	3556	4812	4156	8167
7550	5319	2949	5335	5196
9079	2444	5624	7907	5349
5487	5921	8825	6514	7626
1777	6081	1389	7800	3416
5535	5749	3524	5376	6648
8208	9272	9205	3021	3429
7372	9572	7748	9321	4907
2945	8401	6352	7570	6308
1701	3057	2230	9527	8571
8856	1304	4652	9245	8105
7069	4781	3855	9594	9157
9503	7803	8430	8709	9824
1859	6081	9396	8608	5403
4304	1553	3804	9656	8123
9113	1357	1181	1343	9885
8753	9200	1190	3406	8445
8295	9475	3227	2151	9070
2385	1655	6873	9815	9364
6697	1675	5446	6094	9283
9849	9398	9837	3654	9055
7960	2767	9413	8142	3111
9298	6895	2311	9488	9301
9756	7784	8777	2984	8935
7847	4369	9590	4720	4184
8954	1418	4860	4401	6512
4143	4250	5911	3980	6905
4967	1941	8672	4380	9084
1783	3679	5979	3094	3167
5281	2851	9951	4058	4835
8887	1906	8204	8478	5626
2389	7433	6045	6250	1834
2558	9393	5084	7470	3374
1989	2437	4316	9662	5818
3400	1446	8497	8379	3540
1664	3661	5392	1616	6720
9228	9503	7626	7433	7982
3253	8823	5415	8298	5073
6249	9856	4466	1333	7327
6841	2323	8764	1157	1986
4582	3557	2432	3079	1937
4973	3744	4599	9365	4361
1319	8593	3865	7945	6026
1847	1199	4849	6262	8497
8922	2511	8354	3389	2845
5681	9231	4169	4446	9388
5155	8028	2946	6587	1108
3884	1560	3853	7483	9926
7214	7802	8520	1080	5748
4546	1927	5947	8396	7190
4445	7319	8701	2800	9709
1547	7482	8940	4716	1928
8329	8871	8957	1276	5459
9066	4160	6020	2919	1643
5946	9134	8445	4466	9214
4194	8013	1142	9142	6409
7332	3587	3729	6034	5388
3439	6581	2870	2379	1297
3798	9709	9169	2756	9985
4628	1822	4145	9648	3742
4788	5595	2877	3234	9061
2092	6429	7075	2235	5571
3485	8567	8158	6214	4601
3546	8653	1183	5417	1033
1481	8215	9742	9650	9972
9728	4279	1795	3874	3928
4538	7662	8524	6415	9897
7585	7508	6326	4660	8743
1898	7146	7311	9056	3360
1913	2603	2014	2096	7020
2047	2577	5236	1790	2228
5208	1519	5507	6004	4393
8436	9542	2056	6960	5957
1954	4546	3466	7280	8207
2209	8179	5353	8520	7235
7713	9433	8839	8728	1530
5860	9775	3107	1096	1566
4335	5305	2085	8843	1309
5479	7279	9852	6535	4240
5810	7489	7786	8276	4770
5993	9485	2949	1347	8006
9185	8061	7440	8024	6789
7970	3885	6565	1078	3981
7131	4414	8287	8217	3257
8597	3696	9537	8449	9231
3778	4260	6721	1564	2536
1491	6558	2022	3441	6905
9029	2626	4966	6469	9651
1756	4440	3536	7321	4518
6518	4452	7932	4805	2670
1190	3403	5366	9728	1853
4598	3506	5113	1319	4070
6650	1811	9629	7672	4252
6535	6701	5878	1502	3171
5529	2258	6611	8066	8579
1130	4584	3032	8063	8390
4702	8253	1794	9069	7981
2647	3667	1488	6761	3987
4559	3411	4798	4188	1083
8050	9724	6785	3929	1226
8956	8459	2485	5567	6525
1065	5697	1109	3097	3761
8499	6800	2014	9294	5870
8996	1941	8538	9484	7703
2525	4043	1114	6324	7232
1198	4374	6957	6983	7304
7183	5939	5763	8669	1507
2288	8734	6205	2397	1832
8966	9897	7633	9981	9191
3503	8977	1133	2041	8462
7836	3566	2506	7951	8890
8739	8149	3265	5696	5133
9569	2880	1072	5332	1549
1580	6621	9284	6785	8019
1117	5752	7917	7750	5733
7109	1253	4711	7242	2295
3174	5079	4862	4681	3030
3753	3420	1180	6018	8117
5313	5588	9997	5386	9921
1547	5966	6542	9832	2752
4562	9949	7505	2479	7699
3239	8588	7953	6951	5831
9248	9125	9910	4110	3807
2941	6863	6228	3122	2882
4345	7436	7470	4343	2822
7392	4891	7789	3935	4723
9542	7497	4672	7047	8976
2372	9287	7564	9325	6238
3395	8574	5364	3306	2685
8171	5248	8548	4399	7370
1431	7745	4807	7902    3216
2125	5395	3806	4824	9100
9755	6594	2416	3270	4127
1501	5500	2484	1685	5500
3446	5236	1199	2569	9421
3674	2965	4112	5725	4827
2439	1884	2930	9842	5639
9879	1968	1034	3686	5792
9134	3442	2386	1551	5712
5513	2052	1212	6998	2738
5713	9445	6975	5912	2014
6396	8586	3980	9508	4311
7808	1947	5196	9738	1790
9835	9618	2758	9870	3304
7550	9005	5747	8937	9557
1460	4451	1609	1673	1449
3348	6386	9894	9323	2298
1909	5720	9884	4890	5228
4195	2699	6176	8392	2437
6966	8227	2056	8725	8098
4361	6275	7103	9108	5213
6660	9568	8664	7270	1242
9114	9618	6628	9009	8942
7926	9918	4662	7811	4809
8891	2006	6508	5068	9398
7946	2034	7626	9002	9759
5724	3363	6035	2828	2472
1248	8488	2041	8913	5758
2283	8027	5377	7911	7036
4320	5837	6955	7982	3648
1765	6874	4655	7273	1942
4054	5219	2977	1681	4222
2737	6406	6585	7773	8234
8057	8022	6722	9098	6935
2481	1382	4962	6858	8293
1999	1179	4131	7955	8162
6779	8720	5036	1435	5993
5979	4490	1213	7956	5171
4435	9694	1577	1021	7467
8811	8079	5489	5534	7178
2424	7016	7560	6387	3875
5853	7387	4054	8984	5342
2216	5764	4062	6252	6200
9056	2232	9690	9269	9188
4861	3705	8882	5439	3726
6349	4251	1805	1839	8786
7984	3263	5802	5544	8651
8677	1398	6038	2731	9382
1380	3947	5147	4442	9200
1347	3498	1432	1037	2768
9621	4899	5473	8504	9338
8200	4854	3590	9006	5693
2376	6990	7957	7178	2534
6608	5855	2933	2647	7587
2315	3027	1535	6463	6470
9735	6811	8969	1168	6848
1738	9790	1748	6211	8294
1087	4412	3148	3677	3418
7842	5054	9408	5799	2232
1943	2407	7088	3876	4054
4675	5192	6082	5210	1655
2553	4946	7467	1522	5115
4315	2260	4905	5064	7472
3199	5151	1884	5348	7829
4302	3190	2884	3711	7990
4116	4655	9397	1205	7531
3452	4880	2724	8535	9091
3380	1088	4038	9847	1611
8153	4163	2872	3058	8227
9344	5258	3379	1229	9607
1209	4532	2798	3093	7243
9788	6210	1898	9186	6415
8430	2639	1296	1154	1174
9387	3535	1263	3425	3382
1874	1579	6545	3746	3637
4773	3091	7896	7153	3320
7504	7363	6853	9302	9456
4096	9090	5667	4995	8276
2082	3426	9915	2378	3581
1090	1766	6116	1353	4192
8499	2227	4771	5045	4974
7409	8819	7066	5306	5972
9387	2810	3335	6240	2112
2792	9337	1203	7459	4332
8479	8542	6759	8395	9920
9340	8485	1687	5457	8838
4879	3956	1066	8650	8001
5041	6059	6821	2107	1365
2793	1494	3176	5129	6735
4288	6921	6072	4491	4381
9405	2971	2923	6164	1366
2844	5505	8852	3531	9962
7691	7410	3919	7758	6061
1921	2799	2121	7742	3907
2487	9535	4402	4663	4665
1137	7951	1586	6209	2443
4968	5614	4414	6892	1779
4781	8736	6284	3634	2268
6246	1326	8678	9166	8084
4740	1087	9884	5861	7829
3792	7348	7365	7194	2011
2030	7332	8963	2617	3541
1406	6585	8156	4821	3477
8935	8603	2214	5220	2238
3482	1466	2564	2161	9632
9648	5901	9720	9533	1763
7549	3325	8111	4914	9519
9123	5944	6851	8087	7561
9393	8494	4147	7550	3315
6625	6485	1919	7839	1705
3157	1321	2172	4721	2482
1805	4370	7384	1525	3903
8147	8075	6229	6259	2990
5749	5382	7934	2600	3470
5496	1994	1964	8644	8544
4279	5269	5030	5199	3108
5735	7357	3429	6908	2079
4912	7714	5449	2296	8240
8353	9443	6315	4582	5703
8305	9331	1086	6240	1932
3556	1737	2927	4520	9381
1472	7800	4650	5502	2999
6758	1238	9356	9188	7146
1435	4100	4861	5885	5397
3101	4239	4840	8417	7822
9543	6722	7154	9629	2963
8087	3186	3700	1014	6706
3081	1486	4506	6731	5988
6506	3490	6226	5863	2679
3373	6299	5779	7235	2184
1176	9336	5424	5017	7753
3246	4561	4476	9400	4191
6439	7487	6377	9139	7502
3083	2220	7988	6590	7952
3977	3096	1443	9204	7960
3122	2577	4259	7902	8812
5444	8079	8149	9868	3096
5902	3114	6658	9379	2515
9849	5818	9003	6227	4957
6505	8310	6178	4493	4901
4131	7470	6998	4574	6674
4958	6697	8252	8217	4599
7065	3661	2678	5215	3530
4775	1117	5645	1433	9497
7160	1283	5315	6163	6510
9273	2668	4821	5452	6162
8722	8583	3632	5720	3158
9307	9678	8855	7560	7896
3454	4626	1557	5132	8841
4088	8907	8959	8733	9341
8456	5893	9624	3771	2057
6135	3044	3726	9956	7496
8888	8679	6080	2521	4400
8238	1829	4078	7093	8389
1975	9547	3015	2533	4680
1856	5621	3588	9815	4354
2929	8271	9248	2554	2043
1305	7689	4088	4032	7645
1585	2920	6325	6665	4441
9725	4903	5271	3804	1997
3660	4779	1544	5676	6312
5225	6532	1933	7813	6348
5288	9742	4620	4536	2297
5664	4842	8986	8752	7874
6632	9337	9795	2957	6002
4237	2682	9906	8508	5486
1903	2168	9265	2448	6845
5578	6673	3378	6512	4486
8726	1800	4229	3347	5337
5526	8011	9179	4512	6763
7054	1145	6101	6849	3102
2104	1086	4784	2010	8594
9270	2914	9763	8536	4362
6608	4114	1035	8986	9627
4522	7713	1427	7751	1061
5764	3278	8072	4944	6791
4836	1998	6936	9938	7848
9038	2042	7935	3823	3053
6530	3094	4967	6293	1630
8330	2902	4745	8365	1889
4373	2888	8603	4800	9640
8664	9565	2918	6737	4510
8710	1574	5509	5646	1512
3357	4685	2554	1292	7509
4608	6822	9603	8575	3116
1234	6905	5019	4980	5271
5908	8353	7160	4511	3154
6800	3176	2720	8719	8913
6230	7429	9487	1739	3076
9999	4097	6762	2554	4389
4271	6162	1212	3875	4738
3328	4109	1644	7347	8089
5915	3256	6443	3076	6768
8597	8876	8944	1317	7596
7857	6548	5026	7345	7287
7103	7344	1384	3865	8899
4774	7137	5062	4986	1012
8800	7315	4122	9444	4663
2212	5360	6920	7655	7436
3688	6253	6313	2632	6571
3910	9489	3119	7936    2158
2022	6279	9320	3232	1817
9406	5137	9305	4514	1589
3254	5394	7742	6275	3038
3173	8720	7475	7990	1339
6366	9827	7061	8714	5153
1035	1049	3857	9269	3656
7950	1292	8936	7271	3525
9753	6677	7662	9058	1192
8251	2313	5586	5993	7588
7625	8166	6309	5100	6156
6648	1466	5984	3710	9181
1138	3746	9230	3996	3015
2887	1946	3308	1823	8218
5833	1577	4896	3495	9636
5088	1746	1949	9675	6739
8538	7300	4905	4847	2400
1062	1496	2867	6046	4206
2049	6185	6953	1280	9181
8969	3167	1128	2277	3991
8346	7110	4568	3242	9605
4204	7330	1351	5153	7005
7091	3692	4306	1996	7539
5706	2058	8035	7573	7105
2242	8623	3290	8195	8903
2472	7164	2071	2600	8441
5062	9946	5552	8630	3189
5157	2835	9520	5509	6989
6525	2600	9681	9832	3597
7220	5538	4655	5256	3112
1761	6498	1735	4052	4694
9639	5524	1858	1710	7125
9300	5772	7072	4852	4403
9261	9010	6239	8781	4519
3228	5307	6120	2910	5139
8717	9130	9678	3373	4387
2790	4135	9886	3526	7187
4580	3165	2712	5439	3875
8837	4740	8648	5909	8593
3051	5171	7603	8290	3953
2123	1519	8261	7244	3429
3401	5961	2560	3079	8335
5947	4870	2470	5834	7396
8657	9414	9561	1370	4854
3437	9207	8595	2085	5117
7188	4137	9289	4792	2428
3242	5916	2947	1503	3160
5376	3904	8121	6936	5984
6456	2884	9854	7927	7718
7250	6584	7133	6812	6955
1987	9249	6163	9582	1335
1280	6771	4473	9570	1563
5901	2812	6480	7848	3316
8640	3225	6221	6762	9161
2206	3219	2046	2060	1146
8764	8311	6731	5898	5123
3686	6885	4373	8849	6468
4709	9130	3240	8182	8700
3803	4083	1513	9283	1932
3830	7924	4157	9052	4686
3319	1258	6906	4365	2319
7052	3130	9630	3784	8028
4754	6470	4914	8127	5320
1383	2837	4451	3623	1019
3152	6427	4103	3666	5711
5035	6496	3635	8193	5549
7322	1512	5808	4228	4878
7127	1281	7009	6757	4065
5038	1511	9535	8952	8639
4856	9335	1476	8307	2959
1496	1459	8386	4600	4126
4097	8636	9622	6732	6829
5172	4055	7342	9980	7283
2221	7107	7564	8230	3864
1629	3268	4376	1165	2221
3016	5021	1557	3493	3329
3516	3989	3789	1902	7590
6915	4999	6226	6538	1732
3056	1710	4788	9398	1690
2071	1620	7798	8636	8851
1663	9265	2120	5039	9431
3341	7055	4453	3898	9548
6783	6414	3538	9572	7317
1128	6488	2317	6355	3026
3050	8411	3737	6838	7810
4427	7910	8430	2226	6546
7281	2889	5812	8401	6929
5243	1743	3985	8697	4641
3533	5480	1056	6072	5052
7373	6201	1541	8691	2556
3567	1741	9967	6304	7579
7777	9732	5489	6208	1958
2036	3489	3848	6848	1891
9777	2092	2634	3762	9789
6276	6296	5269	6332	2368
9322	3706	7570	9863	2397
9126	3431	3139	9093	8735
9718	6871	8468	5208	3079
9427	6244	5569	3275	3093
6461	3053	4185	8095	5815
3974	4372	2112	8244	9705
3481	7566	3411	1051	7430
4809	9177	9861	6948	8271
8597	6667	5143	7066	1876
7222	6493	7120	2792	8769
9214	8253	1822	3399	6349
6638	6373	9721	7750	4617
9426	1231	2184	2838	1282
8614	6647	9460	8475	3596
7732	7073	9263	2875	4139
1140	9098	9632	7261	1891
8402	6475	9144	9225	8874
5493	5863	5248	5215	3614
8865	4641	3846	1050	6479
4128	8664	3127	3589	7140
5723	1321	4213	4987	3197
7352	5127	2296	6985	2388
3187	5387	7863	2331	4613
6737	6825	9477	1985	2040
3091	9851	5682	5937	9901
2161	9066	8566	4288	2655
5706	9012	2977	8919	3999
5175	6272	8126	6471	3257
9514	8658	7645	7378	9990
2258	4115	6816	1735	5101
7856	3827	4953	3539	8764
4854	4700	7830	3421	7989
9486	8127	7001	2464	7047
1000	6639	3319	8127	3111
5577	7641	1770	3222	5020
1760	4481	8136	7577	5216
3237	5433	8043	7190	7973
6808	2045	2673	4639	4466
9663	4126	2594	6664	5590
8641	6665	2230	1961	4792
4342	6538	2434	5112	8761
6454	5873	3242	4590	3450
7459	6828	7884	5503	4019
5857	2311	5065	7530	5950
8531	7193	9076	1126	3858
4667	8767	9524	5898	9728
4316	9240	6267	5751	4352
5028	2206	9225	7270	5796
2675	4730	2625	9559	9233
5644	5417	1544	9709	2947
6495	8241	9141	5572	8367
3000	9240	7135	2524	5138
6864	5841	4378	3131	1592
7731	7160	2798	6957	4430
7595	8633	8160	9221	8193
7394	4865	3610	7938	4575
5558	4433	2817	4699	9006
1185	6700	8246	7321	8225
3384	4185	4066	6763	6317
4659	4495	3477	6458	1452
6908	4053	9086	5069	3275
7279	2463	7141	9889	9401
1716	5448	3835	3534	9148
2841	3720	5848	1088	1041
4073	3472	4226	7140	9236
9543	1799	3731	3021	7257
4184	8929	1311	3271	3998
3586	9550	5461	9727	9440
4863	1444	4888	7699	3978
4036	9541	6698	8885	9629
6740	2958	3102	9966	9099
2338	9510	9898	5070	2532
7156	8255	1461	7467	1526
4460	1053	1077	8922	9781
9518	3786	1225	4406	1485
4204	7443	1026	9903	6328
9655	6643	8287	2757	6610
7386	4096	6121	7285	8167
7653	4441	6422	8115	1908
6949	2575	1962	7026	1497
1743	6544	4284	1969	9951
4769	5173	7394	4796	5077
3723	4452	1720	2010	6209
7331	8397	9306	3452	5682
7473	1106	9124	3896	8221
1032	9845	9796	1995	6872
1294	2738	3416	4578	3708
3368	8348	7882	9763	3144
2959	3486	6596	3680	4497
2806	1012	2894	2112	3464
7577	8586	3571	6701	2482
1792	6734	2328	1588	7729
8200	1883	9468	1617	5461
3176	3985	3809	1059	3748
5954	3019	6234	2550	5699
9732	4356	5711	2627	5469
8176	9204	4056	1747	5906
5538	2540	2640	6867	3128
9370	5067	4012	8838	5684
8474	2015	8669	2284	2075
2418	7238	4094	7653	8788
8793	7385	3145	4505	9012
7615	2682	8216	1671	3430
4123	6210	4970	5764	3077
7099	5134	7145	1111	3973
2829	8586	4988	1499    4944
9429	1652	8448	5785	5242
5820	3719	2075	9137	6659
5800	2542	2621	3210	8700
6595	2976	4877	6895	8279
4173	9512	9135	6605	5352
6258	4884	2646	3757	3746
2229	3187	4398	9678	7973
8641	5498	1692	9716	4636
7352	5516	6178	8973	7727
4879	5569	9703	8756	2464
7983	2929	1976	7118	8534
6328	3376	3419	7975	6133
6165	9205	8321	9564	8884
6294	8205	4382	6986	7922
8019	4339	3439	4198	3312
1166	8077	7882	9870	6833
9346	7854	8763	1323	4972
7297	6652	7349	9716	4627
3483	5882	3833	1804	5447
2717	7098	3653	6100	4085
1575	4119	7424	4015	7317
9737	4181	5394	7619	4052
2228	6966	1907	9991	7289
5879	7288	3941	3229	7005
7569	5712	2888	1403	6517
7336	3120	3615	9989	8220
6701	1565	2339	4125	4580
8657	3863	7762	4051	1482
1815	5279	7448	2722	5271
4738	7602	2560	7680	9831
8566	5250	5544	1454	5653
2061	7790	7773	4676	7780
5993	1377	8346	7333	4503
2926	5990	7366	9689	9042
7849	1504	4322	5298	3227
8593	9036	9829	1153	6717
9660	8719	1967	5204	9174
6620	6265	6965	4394	9942
4745	9388	1320	3091	6721
4824	5018	2712	2190	4707
1754	9040	5212	5077	4338
7439	3670	3375	7268	3824
9093	6929	2543	1060	2133
1718	6681	7399	7683	1075
7342	2428	9464	7662	4520
6186	2486	8538	7898	3677
3246	8653	2718	7458	3730
6056	4897	6401	8432	2166
9225	7525	8095	1769	7586
9229	2487	4267	6628	9170
4343	3971	1599	3807	1633
5119	8993	3120	3658	6892
5798	5905	5545	7516	3363
8275	3573	7261	4676	2005
8427	3902	8531	6522	4671
6117	5751	6158	9384	2380
5329	3728	5351	5928	6535
5985	1048	5529	8105	3706
2421	3904	8612	6966	1420
1975	5242	3993	8236	8919
4999	6663	2821	3530	3186
6493	8647	7937	2651	8032
9317	6980	1760	4669	2909
7296	9654	2957	2825	7760
5664	4246	1664	4276	1213
2084	5252	5456	5078	3488
4375	9077	9152	6197	2607
2338	2690	1254	9276	4342
8287	8594	1323	9048	3263
3232	6344	2918	5190	8170
9678	9854	2417	1342	4131
2630	2427	8383	7087	6505
1872	1462	5582	1024	6660
7189	2363	8351	7444	1639
2694	5731	9234	3017	4779
2497	5250	1124	4415	9441
8294	4094	9296	9711	4436
3427	2342	5864	1811	8429
2369	2683	8892	6952	2708
5553	4141	4071	3905	1586
4711	5599	6318	3945	7617
1098	5443	2867	1222	8858
2309	8517	2952	1605	8229
6389	4033	9572	2254	4844
8002	3623	6527	6895	9575
8235	2448	3717	2307	5353
4304	6018	9952	9622	8964
7569	9720	4407	9437	9943
3266	1747	8460	5219	2352
6690	1608	5385	6262	2863
9229	4264	5486	5757	1159
5062	3992	2608	7780	5299
6961	2084	1318	6914	1707
9282	4484	1428	3689	3922
1371	5956	4669	8832	1175
6022	5523	1784	1407	1785
3647	9637	5049	8134	5394
5209	3196	8387	6817	9977
3687	3779	2062	4005	9694
2770	3288	4178	3198	5978
7101	3570	1934	1771	2403
2109	6793	6926	2893	7201
7711	5540	6838	2761	3674
2233	6971	5871	9620	3788
5849	3308	6568	6911	6313
6262	8681	8601	9441	1879
4579	6542	4450	5514	7313
5853	6623	4107	2779	8516
1308	9490	4057	7146	2252
6731	8380	8223	2603	8001
2012	7452	1309	7580	4364
6623	3843	3045	5225	3284
3925	8805	8827	7376	4319
6141	3229	9942	9248	5008
8459	9557	4499	2516	6704
5752	8248	5084	3975	9851
3085	4988	7304	3395	2569
1668	9018	5412	3714	4243
7697	6640	3049	6525	4016
6368	2667	6245	6311	1915
1254	4770	1472	4754	6286
7176	9506	4535	2261	3482
4387	4347	7470	1691	6742
9040	2360	5760	4453	5074
9004	2151	1714	2054	7676
4731	7422	9343	9976	3733
1259	1231	7504	1732	4985
3791	7909	4491	7326	9170
6974	1713	3518	4445	2405
9260	3485	3765	5021	6939
7839	4026	8090	8554	5080
5767	3286	2502	5111	3263
5236	5370	3494	2740	6103
7479	5531	4013	1971	2858
3184	7945	3571	5702	2391
4976	4962	4876	7742	8983
1815	5582	3010	8906	4136
7090	4673	6423	8592	8784
8686	3829	4155	2180	5570
9258	8660	1101	3272	9632
2960	5456	7578	5531	1158
8969	9508	5121	3846	7250
4105	4661	2832	6115	3567
5969	3205	7241	2392	1798
6025	1079	4628	9180	2259
9198	8439	9920	9299	1711
9552	2260	6168	7131	6791
6327	6100	6300	1448	8946
3551	4554	3608	5383	9670
6176	1353	2875	3417	2746
3674	8442	2825	7302	7623
4085	6500	6062	4006	5800
6774	3559	7060	2943	9690
3852	8270	5790	9153	8719
4736	2704	3273	7345	7087
2943	3521	7441	4819	5938
9188	7494	4381	2013	4797
2004	5099	1297	7067	8105
6098	3841	1664	3159	5784
1355	6012	4055	6145	5165
2774	9882	6869	5048	7227
3957	6992	9749	1398	1811
5687	9586	8306	9068	1600
3103	1073	5700	3400	7140
3805	8499	9982	4470	1659
5766	4825	6671	8822	9971
1837	1596	9853	7706	5645
7081	1663	2637	6830	2062
3448	2518	1649	1754	1587
2249	3857	1660	6949	6258
7800	9755	4758	7782	4226
5418	3549	8052	2089	2371
8024	2926	2968	7878	9633
7614	4959	1296	9251	1790
2359	2700	3309	3008	3455
3896	4258	6313	4556	1208
2571	2357	9964	6330	9139
4191	1748	2689	2243	2838
4061	9267	4765	6030	7145
4398	3644	2105	4695	2895
2896	6054	4595	5205	8062
7051	8101	2321	3364	2658
2529	4936	4015	2493	1266
3155	5684	2015	4845	6928
3854	7906	6196	7619	3937
3342	2018	6581	4447	5713
8477	6344	1768	3073	1549
8831	9124	8651	1152	2488
1309	2681	6425	4325	4175
6691	6481	8859	7707	1326
5787	1561	8233	1984	8181
2170	4326	9199	7752	7774
4913	6230	4118	5681	8304
4667	4512	7429	3318	4665
8918	3628	6347	5343	6954
9522	2035	3435	8381	8742
3762	4169	9304	1995	5153
7485	3166	8480	6685	9919
6254	1598	6150	9372	6279
4454	4040	9792	1883    9872